CODE D1D2NOM D1GWD2NOM D1SUGD2NOM D1D2MIN_BT_P D1D2MIN_FET_P
100m:126m 4.337e-09 0.0001508 8.631e-07 TRUE 1
100m:136m 0.005537 0.1005 0.04308 TRUE 1
100m:144m 0.1208 0.4585 0.03688 TRUE 1
100m:151m 0.3144 1 1 TRUE 1
100m:152m 0.1435 1 0.603 TRUE 1
100m:157m 0.4474 0.01104 0.01332 TRUE 1
100m:163m 0.001906 0.0004311 7.743e-06 TRUE 1
100m:169m 0.9831 0.2159 0.02667 TRUE 1
100m:175m 0.0109 0.001135 0.001508 TRUE 1
100m:181m 0.1068 0.03138 0.0001087 TRUE 1
100m:187m 0.148 1 0.07765 TRUE 1
100m:4370m 0.3938 0.02678 0.002924 TRUE 1
100m:4373m 0.7927 0.4625 0.1144 TRUE 1
100m:49m 0.176 1 TRUE 1
100m:52m 0.04351 1 1 TRUE 1
100m:97m 0.4245 0.05196 0.2008 TRUE 1
100m:a13m 0.5926 0.7787 0.5148 TRUE 1
100m:a1m 0.1762 1 0.6968 TRUE 1
100m:a21m 0.7989 0.6223 TRUE 1
100m:a22m 0.3522 1 1 TRUE 1
100m:a27m 0.7378 0.6319 0.4865 TRUE 1
100m:a28m 0.9653 1 1 TRUE 1
100m:a29m 0.4561 1 0.5474 TRUE 1
100m:a30m 0.5813 0.0871 0.4865 TRUE 1
100m:a7m 0.9342 1 0.2631 TRUE 1
100m:a8m 0.5265 1 0.8964 TRUE 1
100m:a9m 0.5578 1 0.4003 TRUE 1
100m:ADr1um 0.5847 1 1 TRUE 1
100m:bm1m 0.1738 0.4043 TRUE 1
100m:bm2m 0.2088 0.3664 TRUE 1
100m:bm4m 0.5483 0.03213 TRUE 1
100m:bm5m 0.1779 1 1 TRUE 1
100m:bm6m 0.02077 1 0.2271 TRUE 1
100m:bm7m 0.6139 1 0.4517 TRUE 1
100m:bm8m 0.3833 1 1 TRUE 1
100m:ch1m 1 1 TRUE 1
100m:ch4m 0.5854 0.3732 TRUE 1
100m:ch5m 1 0.429 TRUE 1
100m:ch6m 1 1 TRUE 1
100m:l1m 0.9311 0.5478 0.3019 TRUE 1
100m:l2m 0.5132 0.2717 0.8887 TRUE 1
100m:l3m 0.115 0.1255 0.4807 TRUE 1
100m:l4m 0.2636 1 0.6993 TRUE 1
100m:l5m 0.5631 0.9115 0.7446 TRUE 1
100m:r10m 0.7417 1 TRUE 1
100m:r4m 0.1305 0.372 TRUE 1
100m:r5m 0.6744 0.7562 0.2334 TRUE 1
100m:r8m 0.8773 1 0.1067 TRUE 1
100m:r9m 0.3489 1 1 TRUE 1
126m:136m 8.408e-207 0.0001204 5.972e-17 1.314e-284 TRUE
126m:144m 9.566e-07 0.06633 0.009658 9.976e-18 0.6796
126m:151m 0.003964 0.1033 0.04655 1.001e-05 0.7348
126m:152m 0.06205 1 0.2418 7.475e-07 0.691
126m:157m 3.452e-37 2.907e-07 6.596e-13 1.556e-50 TRUE
126m:163m 3.381e-174 1.645e-35 1.16e-84 1.321e-238 TRUE
126m:169m 4.699e-08 0.6191 1.049e-06 3.027e-18 0.2128
126m:175m 3.73e-103 5.743e-26 8.165e-56 1.895e-152 TRUE
126m:181m 0.0001012 1 0.4775 4.829e-12 0.2255
126m:187m 7.354e-08 0.2825 0.000573 1.687e-17 0.2869
126m:4370m 0.01453 0.09896 0.001083 0.001311 0.6403
126m:4373m 0.01024 0.4697 0.01093 0.0001486 0.539
126m:49m 0.1971 1 0.005056 0.1106
126m:52m 0.08896 1 0.05933 0.03122 0.3409
126m:97m 2.431e-17 0.05588 1.241e-05 1.243e-29 0.03803
126m:a13m 0.01276 0.009926 0.0003102 1.44e-06 0.0005172
126m:a1m 0.06002 0.01462 0.1017 9.7e-06 0.4907
126m:a21m 0.0004342 2.47e-05 4.643e-11 0.1247
126m:a22m 0.04312 1 0.3402 0.000116 0.5239
126m:a27m 0.001679 0.6664 0.2044 2.28e-05 0.1254
126m:a28m 0.04777 1 0.5087 1.926e-06 0.1157
126m:a29m 0.001485 1 0.01119 1.883e-10 0.387
126m:a30m 0.003768 0.09115 0.0169 1.204e-08 0.3194
126m:a7m 0.03052 0.03976 0.0454 0.005522 0.8149
126m:a8m 0.0004832 0.0003533 2.233e-08 9.076e-09 0.004504
126m:a9m 0.08036 1 1 TRUE 1
126m:ADr1um 0.04991 1 1 0.001826 0.3791
126m:bm1m 0.03746 0.4112 0.0002268 1
126m:bm2m 0.7104 0.3764 0.01589 0.1448
126m:bm4m 0.618 0.5198 0.003006 0.6244
126m:bm5m 0.0002142 0.05013 0.01904 2.884e-05 0.1925
126m:bm6m 0.01213 1 1 0.0002644 0.6422
126m:bm7m 0.01818 1 0.138 0.0002041 0.07437
126m:bm8m 0.02787 1 1 0.00299 0.8661
126m:ch1m 0.01996 0.3392 0.0001614 0.6915
126m:ch4m 0.08549 0.05893 0.003847 1
126m:ch5m 0.007832 1 0.004601 0.009591
126m:l1m 2.425e-08 0.0002918 3.801e-08 1.103e-21 4.73e-17
126m:l2m 1.384e-11 1.068e-09 1.521e-15 1.596e-29 0.002682
126m:l3m 2.273e-09 1.007e-07 1.317e-15 2.802e-36 1.422e-05
126m:l4m 1.439e-10 2.188e-10 5.479e-15 3.262e-26 8.586e-21
126m:l5m 5.238e-09 2.171e-07 4.954e-12 1.274e-23 0.6187
126m:r10m 0.9215 1 0.02895 0.0928
126m:r4m 0.007653 0.00859 0.001872 0.2434
126m:r5m 0.0006928 0.06761 0.298 5.441e-08 0.5278
126m:r8m 0.008538 0.09855 0.0374 0.0007612 0.8368
126m:r9m 0.5565 1 1 0.0283 0.9323
127f:137f 6.924e-72 0.004811 1.359e-07 3.798e-101 TRUE
127f:145f 2.126e-10 0.01142 0.0008325 7.592e-21 0.361
127f:153f 0.0004059 4.72e-05 2.175e-06 5.237e-12 0.2714
127f:154f 6.999e-05 0.0176 0.111 9.425e-10 0.04765
127f:159f 3.744e-17 0.0002565 1.87e-12 2.982e-39 0.02552
127f:165f 2.326e-157 2.624e-31 4.203e-77 1.716e-208 TRUE
127f:171f 1.632e-07 0.347 0.001255 1.16e-18 0.005993
127f:177f 2.807e-49 1.567e-11 1.168e-36 1.216e-104 TRUE
127f:183f 2.415e-05 0.01397 1.115e-05 4.954e-14 0.6344
127f:189f 3.044e-06 7.501e-05 9.94e-06 3.7e-21 0.04667
127f:4371f 0.6601 0.003316 0.000322 0.01779 0.9509
127f:4374f 0.0002329 0.4565 1 9.213e-07 0.008817
127f:48f 0.06741 0.2307 1 9.017e-07 0.2026
127f:51f 0.9054 1 0.007336 0.9156
127f:96f 1.596e-12 0.002402 7.264e-21 0.101
127f:99f 3.065e-05 1 0.3281 1.973e-10 0.4784
127f:a13f 0.0001009 0.0121 0.001983 5.919e-15 0.0916
127f:a1f 0.01201 1 0.5333 0.0003493 0.5263
127f:a21f 1.003e-08 4.198e-05 7.805e-08 2.589e-28 0.0002637
127f:a22f 4.323e-05 0.001924 7.329e-06 2.709e-13 1.317e-06
127f:a27f 0.2201 0.09314 0.0218 2.529e-06 0.05476
127f:a28f 0.02679 0.1641 0.09439 1.744e-05 0.7983
127f:a29f 0.0001874 0.01517 0.008386 2.669e-07 0.0636
127f:a30f 2.609e-05 0.07615 0.004637 5.03e-08 0.4878
127f:a7f 0.02172 1 0.731 0.000326 0.8875
127f:a8f 2.321e-05 0.001589 6.196e-09 2.767e-20 0.9824
127f:a9f 0.3269 0.2978 0.1768 0.9951
127f:ADr1uf 0.9517 1 0.6483 0.01549 0.838
127f:bm1f 0.01489 1 0.5239 7.391e-06 0.01307
127f:bm2f 0.0492 1 1 0.0006037 0.03752
127f:bm4f 0.0005299 0.3843 0.01991 0.3584
127f:bm5f 0.008197 1 0.7213 2.302e-06 0.008604
127f:bm6f 0.07095 0.3482 0.204 0.2948 0.7098
127f:bm7f 0.05801 0.07415 0.653 0.004171 0.4141
127f:bm8f 0.2318 1 0.09664 0.0005204 0.6614
127f:ch1f 0.0762 0.4111 0.0001901 0.5148
127f:ch4f 0.07544 1 0.00109 0.1663
127f:ch5f 0.1377 1 0.01347 0.5521
127f:ch6f 0.2999 1 0.000159 0.6264
127f:l1f 9.157e-11 1.521e-18 8.819e-28 3.665e-34 0.008909
127f:l2f 3.378e-11 4.303e-12 1.229e-23 3.438e-32 8.807e-05
127f:l3f 1.867e-09 6.737e-16 3.951e-24 6.554e-30 0.105
127f:l4f 1.739e-12 1.021e-21 1.875e-35 1.294e-44 0.0396
127f:l5f 2.116e-10 3.791e-17 1.89e-23 8.31e-28 0.0007562
127f:r10f 0.4089 1 0.005885 1
127f:r4f 0.2867 0.5678 0.05797 0.13
127f:r5f 0.1214 0.07811 0.1543 1.729e-05 0.9622
127f:r8f 0.07703 1 0.7102 TRUE 1
127f:r9f 0.8433 1 0.015 0.0002257 0.8951
136m:144m 0 8.111e-34 1.004e-84 0 TRUE
136m:151m 0.0004967 0.1008 1 TRUE 1
136m:152m 0.04124 1 0.2279 0.001036 0.748
136m:157m 0 1.093e-16 4.713e-47 0 TRUE
136m:163m 4.913e-27 9.192e-25 3.581e-37 1.87e-59 TRUE
136m:169m 0 1.564e-17 3.93e-58 0 TRUE
136m:175m 5.296e-16 1.082e-05 5.227e-13 TRUE 1
136m:181m 7.003e-66 0.0552 1.896e-09 2.948e-84 TRUE
136m:187m 0.017 0.2786 0.009017 2.139e-05 0.008497
136m:4370m 0.4118 1 0.7803 TRUE 1
136m:4373m 0.01148 0.4629 0.4337 7.254e-05 0.4959
136m:49m 0.32 0.05543 0.08689 0.8727
136m:52m 0.2261 1 1 0.4267 0.9172
136m:97m 1.083e-07 1 0.0009772 2.105e-17 0.143
136m:a13m 0.008505 0.02113 0.0003888 0.05011 0.9918
136m:a1m 0.02531 0.01408 0.09639 TRUE 1
136m:a21m 0.1916 0.2362 1.917e-05 1
136m:a22m 0.03374 1 0.05152 1.977e-07 0.08043
136m:a27m 0.02815 0.007398 0.04387 TRUE 1
136m:a28m 6.962e-12 0.01949 5.091e-05 2.689e-16 0.0349
136m:a29m 0.03339 1 0.002955 0.00387 0.5379
136m:a30m 0.000276 0.01132 0.008211 1.287e-10 0.0002675
136m:a7m 0.005706 0.5357 0.1195 TRUE 1
136m:a8m 4.453e-10 3.064e-06 2.336e-17 1.226e-28 0.3165
136m:a9m 0.05727 1 0.1626 0.4082 0.897
136m:ADr1um 0.03366 1 0.3048 0.1554 0.992
136m:bm1m 0.1175 1 TRUE 1
136m:bm2m 0.176 1 TRUE 1
136m:bm4m 0.7973 1 TRUE 1
136m:bm5m 0.8694 1 1 TRUE 1
136m:bm6m 0.006319 1 0.4033 TRUE 1
136m:bm7m 0.002705 1 0.7105 TRUE 1
136m:bm8m 0.1343 1 1 TRUE 1
136m:ch1m 0.2931 1 0.03467 0.7328
136m:ch4m 0.6622 0.324 TRUE 1
136m:ch5m 0.4945 1 0.2656 0.5618
136m:ch6m 0.258 0.3314 0.1139 0.6376
136m:l1m 4.539e-16 5.996e-08 5.828e-11 2.701e-31 0.0787
136m:l2m 1.4e-07 0.0002738 7.362e-06 6.009e-16 0.01578
136m:l3m 9.237e-08 1.381e-06 9.094e-09 5.385e-14 2.616e-06
136m:l4m 3.639e-12 2.779e-12 3.964e-15 3.312e-28 0.8012
136m:l5m 0.004406 2.913e-06 4.236e-08 TRUE 1
136m:r10m 0.8232 0.1932 0.003305 0.08275
136m:r4m 0.01554 0.3588 TRUE 1
136m:r5m 0.0471 0.001699 0.03378 TRUE 1
136m:r8m 0.03173 0.09825 0.03698 TRUE 1
136m:r9m 0.2607 1 0.4882 TRUE 1
137f:145f 0 9.299e-44 4.192e-105 0 TRUE
137f:153f 0.002651 0.01304 0.02244 TRUE 1
137f:154f 0.07325 0.01356 0.02466 0.01979 0.4786
137f:159f 0 4.688e-23 7.066e-73 0 TRUE
137f:165f 8.048e-19 9.935e-13 7.61e-29 2.414e-28 0.2998
137f:171f 0 6.368e-22 1.614e-55 0 TRUE
137f:177f 1.362e-08 0.002064 2.887e-09 TRUE 1
137f:183f 7.996e-28 0.0189 8.673e-09 1.965e-39 TRUE
137f:189f 0.1906 0.004915 5.882e-05 6.282e-05 0.5067
137f:4371f 0.5862 1 0.5382 TRUE 1
137f:4374f 0.5906 1 0.6692 TRUE 1
137f:48f 0.01322 0.001025 0.001195 0.01333 0.4436
137f:51f 0.3612 0.3827 0.4979 0.7484
137f:96f 0.00111 0.09244 2.027e-07 0.1696
137f:99f 0.2729 1 0.2864 TRUE 1
137f:a13f 0.000347 0.07945 0.01684 1.053e-05 0.03598
137f:a1f 0.1586 1 0.04841 0.05006 0.21
137f:a21f 0.00419 0.0009455 1.129e-06 TRUE 1
137f:a22f 0.00277 0.09833 0.0006089 TRUE 1
137f:a27f 0.001526 0.1571 0.3143 2.679e-07 0.04346
137f:a28f 3.841e-15 0.1669 6.705e-05 TRUE TRUE
137f:a29f 0.0185 0.179 0.01407 0.0005746 0.04945
137f:a30f 0.000634 0.2399 0.06761 TRUE 1
137f:a7f 0.1185 0.1269 0.06378 TRUE 1
137f:a8f 3.917e-14 8.646e-07 1.767e-17 4.06e-37 0.00815
137f:a9f 0.1014 0.6228 0.3184 0.8977
137f:ADr1uf 0.7658 0.2902 0.03359 TRUE 1
137f:bm1f 0.03139 1 0.145 TRUE 1
137f:bm2f 0.1728 1 1 TRUE 1
137f:bm4f 0.6989 1 0.1812 0.9121
137f:bm5f 0.1732 0.2978 0.7042 TRUE 1
137f:bm6f 0.2237 0.3154 0.6486 TRUE 1
137f:bm7f 0.5456 0.0628 0.03946 TRUE 1
137f:bm8f 0.01113 1 1 0.003273 0.7434
137f:ch1f 0.00772 1 TRUE 1
137f:ch4f 0.1262 1 TRUE 1
137f:ch5f 0.486 1 TRUE 1
137f:ch6f 1 1 TRUE 1
137f:l1f 1.22e-19 2.346e-18 1.186e-31 1.109e-45 0.04186
137f:l2f 1.877e-05 1.772e-08 4.658e-11 5.464e-07 0.94
137f:l3f 2.996e-07 1.836e-10 3.859e-11 0.185 0.4938
137f:l4f 1.351e-15 9.107e-20 2.614e-30 3.182e-38 0.04733
137f:l5f 4.955e-06 1.443e-11 9.524e-14 0.01375 0.2192
137f:r10f 0.0297 0.3058 0.08432 0.8623
137f:r4f 0.6648 1 TRUE 1
137f:r5f 0.002465 0.06426 2.84e-05 TRUE 1
137f:r8f 0.3721 1 0.08857 0.0132 0.3298
137f:r9f 0.2269 1 0.2196 TRUE 1
144m:151m 5.086e-05 1 0.007473 4.97e-08 0.1651
144m:152m 0.01551 1 0.001601 0.0003921 0.3137
144m:157m 0 9.008e-12 1.579e-40 0 TRUE
144m:163m 1.493e-09 2.505e-07 3.845e-06 1.717e-13 0.6777
144m:169m 0 3.226e-15 2.701e-53 0 TRUE
144m:175m 1.618e-08 2.41e-12 3.407e-17 2.106e-17 0.2838
144m:181m 1.191e-203 3.112e-05 1.789e-13 4.741e-264 TRUE
144m:187m 5.024e-05 0.2856 3.643e-06 7.184e-06 0.5764
144m:4370m 0.03298 0.6773 0.7782 0.0003307 0.8203
144m:4373m 0.0004708 0.4614 0.7095 5.505e-07 0.0819
144m:49m 0.1225 0.3333 0.01591 0.6748
144m:52m 0.1192 1 1 0.01003 0.8501
144m:97m 0.02295 1 0.5587 3.227e-06 0.5228
144m:a13m 0.000798 0.1666 0.008194 4.765e-09 0.03266
144m:a1m 0.06484 1 0.00133 0.009325 0.9705
144m:a21m 0.3032 0.01267 0.002409 0.04103
144m:a22m 0.0003777 0.04728 0.05188 3.992e-12 0.2671
144m:a27m 4.112e-06 0.0009177 0.001942 9.8e-10 0.09526
144m:a28m 1.087e-21 0.02694 3.198e-07 1.022e-23 0.1331
144m:a29m 0.009153 1 0.008577 1.872e-06 0.6478
144m:a30m 1.745e-05 6.012e-05 4.232e-08 3.47e-15 0.1882
144m:a7m 0.0002794 1 0.7044 2.917e-07 0.5391
144m:a8m 4.364e-20 3.623e-12 3.396e-22 1.014e-44 0.1119
144m:a9m 0.000878 1 0.1714 4.3e-11 0.8272
144m:ADr1um 0.6916 0.3381 0.6503 0.01296 0.1176
144m:bm1m 0.5271 0.3846 0.02202 0.3142
144m:bm2m 0.04541 1 0.003536 0.3462
144m:bm4m 0.4719 0.5003 0.03053 0.468
144m:bm5m 0.08653 1 0.1034 0.009392 0.9813
144m:bm6m 0.1643 0.1399 0.07628 3.471e-07 0.0467
144m:bm7m 0.1107 0.178 0.4339 0.06543 0.6261
144m:bm8m 0.01656 1 0.4773 4.776e-05 0.02899
144m:ch1m 0.08094 1 0.01229 0.3195
144m:ch4m 0.3848 1 0.005197 0.7098
144m:ch5m 0.3056 1 0.01639 0.6261
144m:ch6m 0.2189 0.3286 0.1588 0.7481
144m:l1m 1.329e-29 1.45e-16 2.16e-30 4.234e-60 0.005809
144m:l2m 4.032e-09 1.735e-07 8.27e-10 1.747e-13 1.08e-06
144m:l3m 1.798e-08 3.265e-07 4.637e-09 3.236e-15 2.187e-05
144m:l4m 1.542e-22 3.266e-18 1.265e-28 2.478e-53 0.004295
144m:l5m 6.317e-07 6.343e-05 2.356e-08 3.465e-15 0.6792
144m:r10m 0.17 1 0.0004216 0.2707
144m:r4m 0.0539 1 0.01386 0.3696
144m:r5m 2.674e-05 0.001613 4.302e-07 2.629e-10 2.093e-05
144m:r8m 0.1083 0.09436 0.02855 0.01875 0.4153
144m:r9m 0.1467 1 0.4977 0.01787 0.8431
145f:153f 1.254e-05 3.797e-06 7.198e-11 1.635e-05 0.896
145f:154f 0.02444 0.001345 3.961e-05 3.496e-05 0.03536
145f:159f 4.941e-324 2.609e-21 4.815e-75 0 TRUE
145f:165f 1.192e-07 3.861e-05 2.416e-09 4.767e-18 7.589e-05
145f:171f 0 4.461e-20 1.624e-55 0 TRUE
145f:177f 1.191e-06 7.439e-06 3.136e-08 4.684e-06 0.834
145f:183f 1.425e-114 0.0008267 8.162e-14 2.201e-168 TRUE
145f:189f 2.51e-05 2.387e-12 1.181e-11 5.129e-10 9.246e-08
145f:4371f 0.1278 0.3961 0.2152 TRUE 1
145f:4374f 0.001459 0.4142 0.6695 0.0001405 0.7734
145f:48f 4.649e-07 0.02219 0.09327 2.9e-08 0.2785
145f:51f 0.022 0.07706 0.002687 0.7502
145f:96f 0.001173 0.4087 1.849e-05 0.03353
145f:99f 0.06879 1 0.2927 0.002017 0.1748
145f:a13f 3.257e-10 0.002062 0.0001209 4.624e-14 0.01231
145f:a1f 0.0003256 1 0.004285 0.0006003 0.001492
145f:a21f 0.0002033 0.2147 0.002115 3.906e-05 0.08377
145f:a22f 1.188e-11 0.1006 1.53e-05 4.904e-21 0.009402
145f:a27f 5.908e-05 0.03642 0.03239 2.258e-10 0.49
145f:a28f 5.767e-26 0.01247 8.238e-08 7.486e-46 TRUE
145f:a29f 8.963e-09 0.1807 0.02601 9.908e-14 0.0192
145f:a30f 2.242e-10 0.06362 0.006304 6.377e-19 0.01113
145f:a7f 0.1927 0.02372 0.0226 0.003072 0.3416
145f:a8f 5.471e-30 1.259e-11 1.288e-38 1.032e-67 9.01e-06
145f:a9f 0.001502 0.06649 4.196e-06 0.5909
145f:ADr1uf 0.05584 0.007139 0.1555 0.0003665 0.7284
145f:bm1f 0.05686 1 0.02776 8.202e-06 0.0009278
145f:bm2f 0.02239 1 1 0.003982 0.1306
145f:bm4f 0.05727 1 0.004816 0.01618
145f:bm5f 0.08567 0.2969 0.2588 0.0008549 0.008325
145f:bm6f 0.02263 0.329 0.1776 0.07243 0.6674
145f:bm7f 0.02607 0.06613 0.04317 0.02672 0.3648
145f:bm8f 0.03255 1 0.2582 0.0004259 0.1998
145f:ch1f 0.0006646 1 4.986e-05 0.05401
145f:ch4f 0.07045 1 0.03256 0.6905
145f:ch5f 0.3068 1 0.002987 0.9372
145f:ch6f 0.04005 1 9.825e-05 0.6672
145f:l1f 7.802e-49 3.031e-26 5.047e-53 4.976e-103 TRUE
145f:l2f 1.716e-07 6.07e-18 1.044e-20 6.417e-22 0.08371
145f:l3f 2.527e-10 7.61e-19 2.522e-19 1.143e-24 0.01393
145f:l4f 3.519e-38 4.212e-21 3.767e-39 7.999e-77 TRUE
145f:l5f 2.777e-10 1.545e-14 1.368e-21 2.245e-25 0.003823
145f:r10f 0.3745 0.3089 0.0001259 0.5333
145f:r4f 0.0002034 0.5345 1.245e-07 0.7878
145f:r5f 5.608e-07 0.01329 3.369e-10 2.697e-11 0.09279
145f:r8f 0.1515 1 0.693 1.122e-05 0.3857
145f:r9f 0.6249 1 1 0.0003106 0.8619
151m:157m 6.693e-09 3.267e-07 2.258e-08 TRUE 1
151m:163m 1.55e-45 4.082e-07 2.446e-12 TRUE TRUE
151m:169m 3.691e-14 0.02188 0.0001538 TRUE TRUE
151m:175m 2.803e-133 5.288e-09 1.167e-24 TRUE TRUE
151m:181m 0 0.0001071 1.546e-20 TRUE TRUE
151m:187m 0 9.064e-06 1.513e-38 TRUE TRUE
151m:4370m 0.1774 0.03481 0.05869 TRUE 1
151m:4373m 0.2662 0.4821 1 TRUE 1
151m:49m 0.7108 0.3603 TRUE 1
151m:52m 0.1625 1 1 TRUE 1
151m:97m 0.06204 1 0.05046 TRUE 1
151m:a13m 0.195 0.06009 1.773e-05 TRUE 1
151m:a1m 0.1321 1 1 TRUE 1
151m:a21m 0.3069 0.002838 TRUE 1
151m:a22m 0.6301 0.05532 0.3717 TRUE 1
151m:a27m 0.02553 0.6634 0.5308 TRUE 1
151m:a28m 0.001171 0.1884 0.142 TRUE 1
151m:a29m 0.08726 0.1063 0.0003164 TRUE 1
151m:a30m 0.04879 1 1 TRUE 1
151m:a7m 0.07481 0.1967 0.1524 TRUE 1
151m:a8m 0.0332 0.000719 0.006172 TRUE 1
151m:a9m 0.3373 1 0.4003 TRUE 1
151m:ADr1um 0.4017 0.05157 0.1788 TRUE 1
151m:bm1m 0.8714 1 TRUE 1
151m:bm2m 0.6993 0.4237 TRUE 1
151m:bm4m 0.3231 0.5339 TRUE 1
151m:bm5m 0.4751 1 0.3282 TRUE 1
151m:bm6m 0.5332 1 0.6774 TRUE 1
151m:bm7m 0.8122 1 1 TRUE 1
151m:bm8m 0.3761 1 0.154 TRUE 1
151m:ch1m 0.7208 1 TRUE 1
151m:ch4m 0.3536 1 TRUE 1
151m:ch5m 0.4576 0.4513 TRUE 1
151m:ch6m 0.8127 1 TRUE 1
151m:l1m 0.005549 0.0001188 9.828e-06 TRUE 1
151m:l2m 0.01749 0.479 0.01448 TRUE 1
151m:l3m 0.002015 0.02901 0.002159 TRUE 1
151m:l4m 9.875e-05 3.688e-09 2.572e-10 TRUE 1
151m:l5m 0.04909 0.05641 0.006336 TRUE 1
151m:r10m 0.09037 1 TRUE 1
151m:r4m 0.4822 1 TRUE 1
151m:r5m 0.03397 0.5382 0.09375 TRUE 1
151m:r8m 0.3091 1 0.4438 TRUE 1
151m:r9m 0.3992 1 1 TRUE 1
152m:157m 0.01034 0.0707 0.0202 TRUE 1
152m:163m 1.347e-20 0.005826 1.598e-06 TRUE TRUE
152m:169m 6.585e-08 1 1 TRUE TRUE
152m:175m 7.262e-76 2.294e-09 1.167e-21 TRUE TRUE
152m:181m 8.89e-181 0.01185 2.242e-13 TRUE TRUE
152m:187m 8.654e-310 1.462e-06 9.786e-26 TRUE TRUE
152m:4370m 0.2003 0.08644 0.4084 TRUE 1
152m:4373m 0.2416 1 0.2616 TRUE 1
152m:49m 0.225 0.3389 TRUE 1
152m:52m 0.3967 1 1 TRUE 1
152m:97m 0.2712 1 0.5613 TRUE 1
152m:a13m 0.2322 1 0.5151 TRUE 1
152m:a1m 0.29 0.14 0.6827 TRUE 1
152m:a21m 0.6005 0.2401 TRUE 1
152m:a22m 0.03978 0.05018 0.2001 TRUE 1
152m:a27m 0.9068 0.3979 0.1121 TRUE 1
152m:a28m 0.9688 1 1 TRUE 1
152m:a29m 0.0775 1 1 TRUE 1
152m:a30m 0.6901 0.09007 0.3472 TRUE 1
152m:a7m 0.739 0.539 0.7169 TRUE 1
152m:a8m 0.9555 0.008802 0.001063 TRUE 1
152m:a9m 0.4796 1 1 TRUE 1
152m:ADr1um 0.5449 0.3117 0.1633 TRUE 1
152m:bm1m 0.1595 0.4088 TRUE 1
152m:bm2m 0.4635 0.4034 TRUE 1
152m:bm4m 0.2244 1 TRUE 1
152m:bm5m 0.3892 1 1 TRUE 1
152m:bm6m 0.0249 1 0.2008 TRUE 1
152m:bm7m 0.5471 1 0.704 TRUE 1
152m:bm8m 0.1239 1 0.4898 TRUE 1
152m:ch1m 0.611 1 TRUE 1
152m:ch4m 0.9345 1 TRUE 1
152m:ch5m 0.8526 0.4316 TRUE 1
152m:ch6m 0.6523 1 TRUE 1
152m:l1m 0.008192 0.08784 0.001518 TRUE 1
152m:l2m 0.2473 0.03026 0.06149 TRUE 1
152m:l3m 0.126 0.4052 0.08787 TRUE 1
152m:l4m 0.08817 0.004554 0.009432 TRUE 1
152m:l5m 0.9852 0.7444 0.9363 TRUE 1
152m:r10m 0.1605 1 TRUE 1
152m:r4m 0.3528 0.3682 TRUE 1
152m:r5m 0.3269 0.3481 0.5078 TRUE 1
152m:r8m 0.1347 1 1 TRUE 1
152m:r9m 0.5869 0.09539 0.1476 TRUE 1
153f:154f 1.502e-08 1.761e-12 1.901e-27 6.458e-56 0.005177
153f:159f 2.904e-08 0.001434 1.143e-06 3.887e-25 0.2099
153f:165f 1.09e-34 2.314e-12 3.545e-26 1.479e-56 TRUE
153f:171f 1.942e-53 0.2085 0.06073 5.486e-81 TRUE
153f:177f 0 1.549e-20 8.811e-45 0 TRUE
153f:183f 0 2.895e-26 1.336e-51 0 TRUE
153f:189f 0 2.01e-38 4.116e-79 0 TRUE
153f:4371f 0.3883 1 0.3737 0.004121 0.8461
153f:4374f 0.6413 0.1049 0.07754 0.08037 0.6762
153f:48f 0.4455 1 1 TRUE 1
153f:51f 0.657 0.09078 0.06744 0.7696
153f:96f 0.03133 1 0.003427 0.4957
153f:99f 0.95 0.05103 0.307 0.1968 0.9743
153f:a13f 0.3927 0.0002734 1.389e-05 1.673e-07 0.8768
153f:a1f 0.2349 1 0.3697 0.004112 0.6223
153f:a21f 0.01252 0.02357 0.01362 0.0006348 0.4602
153f:a22f 0.3657 1 0.1432 0.01123 0.718
153f:a27f 0.04573 1 0.7716 0.0008728 0.6194
153f:a28f 0.0001286 1 0.01703 4.373e-11 0.3703
153f:a29f 0.007299 0.01436 0.02831 TRUE 1
153f:a30f 0.2832 0.2547 0.3193 0.1612 0.9172
153f:a7f 0.8869 0.02891 0.5175 TRUE 1
153f:a8f 0.001615 6.313e-14 1.239e-20 1.674e-23 0.07125
153f:a9f 0.133 1 TRUE 1
153f:ADr1uf 0.2552 0.05383 0.1399 0.002991 0.3202
153f:bm1f 0.3991 1 0.03443 TRUE 1
153f:bm2f 0.2696 1 1 TRUE 1
153f:bm4f 0.2678 1 0.3211 0.9521
153f:bm5f 0.06603 1 1 TRUE 1
153f:bm6f 0.8707 1 0.1939 0.07316 0.9653
153f:bm7f 0.04692 0.368 0.6487 0.005458 0.6193
153f:bm8f 0.5625 1 0.6237 TRUE 1
153f:ch1f 0.4816 0.07571 0.04757 0.2621
153f:ch4f 0.02751 1 0.06043 0.5946
153f:ch5f 0.2789 1 TRUE 1
153f:ch6f 0.5963 0.4349 TRUE 1
153f:l1f 9.285e-13 1.468e-28 2.698e-35 1.394e-50 0.01943
153f:l2f 1.204e-05 8.456e-08 4.045e-09 1.537e-25 0.1872
153f:l3f 0.007169 0.0001683 6.167e-07 6.642e-20 0.2673
153f:l4f 2.881e-10 3.93e-48 8.323e-49 2.829e-56 0.01345
153f:l5f 7.07e-09 1.242e-13 6.208e-16 3.719e-35 0.08618
153f:r10f 0.08345 1 TRUE 1
153f:r4f 0.2682 0.5134 TRUE 1
153f:r5f 0.04533 0.2467 0.02185 0.6414 0.9782
153f:r8f 0.0603 1 0.4353 0.01027 1
153f:r9f 0.8872 1 1 0.01896 0.3704
154f:159f 6.335e-07 0.0002027 1.116e-06 2.628e-19 0.2544
154f:165f 4.173e-23 8.012e-12 8.465e-23 1.882e-37 TRUE
154f:171f 1.494e-22 0.1614 0.0003211 3.756e-30 TRUE
154f:177f 5.769e-184 1.635e-21 1.842e-42 3.318e-276 TRUE
154f:183f 2.045e-299 4.087e-25 2.465e-54 0 TRUE
154f:189f 0 1.706e-41 1.307e-75 0 TRUE
154f:4371f 0.606 1 1 TRUE 1
154f:4374f 0.5576 0.1056 0.6782 TRUE 1
154f:48f 0.1061 1 0.7004 0.03161 0.8555
154f:51f 0.7732 0.3978 TRUE 1
154f:96f 0.2298 0.1051 TRUE 1
154f:99f 0.9834 1 0.3077 TRUE 1
154f:a13f 0.4653 0.1169 0.5387 2.544e-05 0.5854
154f:a1f 0.2022 0.1881 0.5295 0.4798 0.6608
154f:a21f 0.5407 0.2325 0.7222 0.002325 0.3179
154f:a22f 0.3344 0.4341 0.04925 TRUE 1
154f:a27f 0.4172 0.2244 0.3812 0.0003882 0.2028
154f:a28f 0.0126 0.1555 4.146e-05 TRUE 1
154f:a29f 0.5489 1 0.02853 TRUE 1
154f:a30f 0.7915 0.01416 0.1642 TRUE 1
154f:a7f 0.7702 0.1369 0.4943 TRUE 1
154f:a8f 0.00389 1.496e-05 8.011e-09 4.061e-14 0.03342
154f:a9f 0.06815 1 TRUE 1
154f:ADr1uf 0.6908 1 1 0.289 1
154f:bm1f 0.1268 1 1 TRUE 1
154f:bm2f 0.4817 1 1 TRUE 1
154f:bm4f 0.5169 0.3727 TRUE 1
154f:bm5f 0.0952 1 1 TRUE 1
154f:bm6f 0.8879 1 0.01818 TRUE 1
154f:bm7f 0.4848 0.3846 0.6573 TRUE 1
154f:bm8f 0.7233 1 1 TRUE 1
154f:ch1f 0.7285 0.3703 TRUE 1
154f:ch4f 0.934 1 TRUE 1
154f:ch5f 0.55 1 TRUE 1
154f:ch6f 0.2827 0.4254 TRUE 1
154f:l1f 0.001057 1.915e-15 5.361e-22 1.069e-25 0.4134
154f:l2f 0.0005133 4.783e-05 2.643e-06 5.538e-14 0.1782
154f:l3f 0.01043 0.001279 0.002952 2.335e-11 0.3601
154f:l4f 1.538e-07 5.004e-24 2.242e-26 4.108e-33 0.003252
154f:l5f 0.0005161 1.201e-10 3.159e-14 2.579e-25 0.1827
154f:r10f 0.504 1 0.01142 0.4675
154f:r4f 0.2524 1 TRUE 1
154f:r5f 0.3107 1 0.417 TRUE 1
154f:r8f 0.9225 1 0.7159 TRUE 1
154f:r9f 0.3641 1 0.6223 TRUE 1
157m:163m 0 2.088e-27 1.889e-73 0 TRUE
157m:169m 0 7.829e-14 1.079e-54 0 TRUE
157m:175m 1.126e-48 2.51e-13 1.241e-14 3.331e-76 TRUE
157m:181m 4.617e-48 0.004582 7.906e-13 6.29e-70 TRUE
157m:187m 3.159e-36 0.3173 5.512e-10 5.798e-41 TRUE
157m:4370m 0.2658 0.6902 1 0.002113 0.6001
157m:4373m 0.02595 1 1 0.001789 0.3761
157m:49m 0.121 0.06339 0.008909 0.7645
157m:52m 0.5787 1 1 0.05306 0.7114
157m:97m 3.835e-06 0.05245 0.001065 TRUE 1
157m:a13m 0.2108 0.0002712 2.778e-07 0.03064 0.916
157m:a1m 0.1747 0.1441 0.005684 0.2648 0.913
157m:a21m 0.37 0.01125 2.216e-05 0.1661
157m:a22m 0.001763 1 0.004385 3.178e-09 0.1052
157m:a27m 9.676e-06 0.001742 0.001916 TRUE 1
157m:a28m 1.789e-20 0.0005494 2.374e-06 1.843e-22 0.1016
157m:a29m 0.438 0.1001 0.01035 0.0001354 0.9136
157m:a30m 0.04137 0.09164 0.01657 7.874e-06 0.6642
157m:a7m 0.3759 0.5412 0.1244 TRUE 1
157m:a8m 3.482e-07 5.863e-11 4.226e-14 1.179e-27 0.4307
157m:a9m 0.0975 1 0.3912 2.436e-05 0.7252
157m:ADr1um 0.161 1 1 TRUE 1
157m:bm1m 0.9486 1 0.181 0.6142
157m:bm2m 0.01596 1 0.1698 0.7831
157m:bm4m 0.3567 0.5195 0.3425 0.9812
157m:bm5m 0.3274 1 1 TRUE 1
157m:bm6m 0.1233 1 1 0.03945 0.8629
157m:bm7m 0.08161 1 1 TRUE 1
157m:bm8m 0.3861 1 0.1042 TRUE 1
157m:ch1m 0.8138 1 TRUE 1
157m:ch4m 0.1523 1 TRUE 1
157m:ch5m 0.5526 0.4435 TRUE 1
157m:ch6m 0.1502 1 0.05035 0.507
157m:l1m 5.27e-14 1.047e-15 4.023e-18 4.54e-31 0.1889
157m:l2m 2.297e-05 1.544e-05 1.985e-06 4.539e-12 2.889e-07
157m:l3m 2.64e-07 9.105e-09 4.56e-11 1.788e-14 2.337e-06
157m:l4m 4.616e-10 3.715e-18 6.688e-23 1.533e-26 0.05238
157m:l5m 0.001241 0.0006498 9.169e-07 TRUE 1
157m:r10m 0.158 1 0.00108 0.06036
157m:r4m 0.01412 0.3676 TRUE 1
157m:r5m 0.0231 0.0201 0.1462 0.774 0.9442
157m:r8m 0.1921 1 0.1046 TRUE 1
157m:r9m 0.1394 0.09702 0.003047 TRUE 1
159f:165f 0 6.204e-28 1.225e-67 0 TRUE
159f:171f 0 1.514e-18 5.999e-51 0 TRUE
159f:177f 5.724e-23 2.307e-08 1.503e-14 5.407e-24 TRUE
159f:183f 3.077e-37 4.691e-17 1.147e-24 2.873e-52 TRUE
159f:189f 3.267e-24 8.823e-27 7.321e-29 3.1e-47 TRUE
159f:4371f 0.07626 0.1692 0.03214 0.5199 1
159f:4374f 0.05602 0.4284 0.2234 TRUE 1
159f:48f 0.003583 0.2267 1 0.0142 0.06566
159f:51f 0.1615 0.3929 0.01405 0.2555
159f:96f 1.064e-05 0.01513 1.181e-07 0.2358
159f:99f 0.5158 1 0.2979 TRUE 1
159f:a13f 0.0001265 0.0001667 2.457e-05 7.723e-12 0.1703
159f:a1f 0.01432 1 0.7511 0.005481 0.01742
159f:a21f 0.02105 0.2175 0.002289 TRUE 1
159f:a22f 0.0004914 0.01654 1.099e-08 6.672e-12 0.02837
159f:a27f 0.0001477 0.469 0.6147 8.468e-10 0.5423
159f:a28f 4.752e-19 0.1774 8.106e-07 2.275e-29 TRUE
159f:a29f 0.0009986 0.1844 0.02762 6.795e-08 0.0004547
159f:a30f 0.0001932 0.07146 0.008369 7.797e-10 0.05966
159f:a7f 0.0586 0.1357 0.02399 0.002539 0.2281
159f:a8f 5.279e-14 1.021e-15 6.911e-33 1.105e-52 0.004249
159f:a9f 0.03666 0.6229 0.1197 0.7958
159f:ADr1uf 0.2103 0.007927 0.05167 0.005124 0.3461
159f:bm1f 0.02359 1 0.5005 0.0004068 0.1966
159f:bm2f 0.1292 1 1 TRUE 1
159f:bm4f 0.868 1 0.1689 0.9908
159f:bm5f 0.2011 0.003507 0.02957 3.502e-05 0.6326
159f:bm6f 0.3665 0.05763 0.01587 TRUE 1
159f:bm7f 0.2955 0.06998 0.1593 TRUE 1
159f:bm8f 0.1484 1 0.08461 0.02848 1
159f:ch1f 0.09205 0.3939 TRUE 1
159f:ch4f 0.06831 0.1847 0.3987 0.9293
159f:ch5f 0.1478 0.2208 TRUE 1
159f:ch6f 0.0109 0.428 0.0008638 TRUE
159f:l1f 2.06e-24 4.004e-30 4.507e-52 2.097e-69 4.247e-06
159f:l2f 4.614e-07 1.166e-13 7.421e-19 5.881e-25 0.2872
159f:l3f 1.707e-06 2.711e-13 4.433e-14 0.05401 1
159f:l4f 1.813e-17 1.219e-36 2.198e-43 2.688e-62 0.004001
159f:l5f 1.934e-07 9.496e-14 2.179e-23 1.25e-34 0.1703
159f:r10f 0.002876 1 1.504e-05 0.0001501
159f:r4f 0.28 1 0.03208 0.7606
159f:r5f 0.001741 0.01372 0.0001453 0.07821 0.7104
159f:r8f 0.5573 1 1 0.003411 0.2283
159f:r9f 0.02452 1 1 0.003918 0.6299
163m:169m 4.088e-23 0.01636 1.421e-05 7.663e-30 TRUE
163m:175m 1.107e-195 4.23e-20 3.452e-43 1.547e-267 TRUE
163m:181m 3.939e-74 0.006376 2.708e-06 1.345e-87 TRUE
163m:187m 9.972e-124 0.008742 7.006e-20 7.888e-167 TRUE
163m:4370m 0.05421 0.257 0.1667 0.02177 0.8222
163m:4373m 0.8636 0.4356 0.2469 0.008331 0.4304
163m:49m 0.004392 1 0.04455 0.6279
163m:52m 0.07654 1 0.3507 0.2277 0.6019
163m:97m 3.864e-12 0.05723 9.765e-07 1.452e-19 0.954
163m:a13m 0.03835 0.01123 1.204e-06 TRUE 1
163m:a1m 0.5764 0.1493 0.6914 0.02635 0.9058
163m:a21m 0.03262 0.01249 TRUE 1
163m:a22m 0.02378 1 0.01514 0.0001486 0.161
163m:a27m 0.008175 0.02523 0.03901 6.276e-06 0.2986
163m:a28m 4.141e-05 1 0.004798 1.228e-07 0.2401
163m:a29m 0.02977 0.1018 0.0286 0.002251 TRUE
163m:a30m 0.06111 0.001126 0.001127 TRUE 1
163m:a7m 0.3335 0.5528 0.4419 0.04736 0.8958
163m:a8m 3.99e-06 1.017e-07 1.048e-09 4.29e-09 0.0184
163m:a9m 0.3295 1 0.3896 0.03187 0.4841
163m:ADr1um 0.2666 1 1 0.001311 0.2097
163m:bm1m 0.09583 0.4231 TRUE 1
163m:bm2m 0.6152 0.3441 0.0914 0.446
163m:bm4m 0.04832 1 0.6884 0.8619
163m:bm5m 0.345 1 0.3231 0.03893 0.8976
163m:bm6m 0.01643 0.147 0.2138 0.0006517 0.06642
163m:bm7m 0.00301 0.1945 0.04329 0.01867 0.9587
163m:bm8m 0.6194 1 1 0.02603 0.7976
163m:ch1m 0.6409 0.3122 0.3121 0.9446
163m:ch4m 0.1796 1 TRUE 1
163m:ch5m 0.2356 0.4388 TRUE 1
163m:ch6m 0.0377 1 TRUE 1
163m:l1m 1.495e-06 1.573e-09 6.907e-13 4.593e-19 0.03246
163m:l2m 0.001956 1.512e-07 1.528e-06 1.142e-10 0.4049
163m:l3m 7.991e-08 2.861e-05 2.097e-06 6.417e-20 0.01389
163m:l4m 2.541e-08 7.277e-22 2.792e-24 4.42e-08 0.1164
163m:l5m 0.001263 8.739e-05 9.701e-09 TRUE 1
163m:r10m 0.02889 1 0.02929 0.9185
163m:r4m 0.004991 0.3752 0.001677 0.005446
163m:r5m 0.003926 0.1972 0.0336 0.01162 0.9419
163m:r8m 0.2471 1 0.1032 0.1275 0.7417
163m:r9m 0.1951 0.1003 0.4969 TRUE 1
165f:171f 3.326e-22 0.1548 1.596e-05 1.609e-25 TRUE
165f:177f 5.343e-110 4.163e-14 1.017e-49 3.003e-147 TRUE
165f:183f 1.176e-89 2.566e-20 6.232e-33 1.428e-110 TRUE
165f:189f 6.725e-103 1.905e-30 5.778e-42 2.106e-156 TRUE
165f:4371f 0.2053 0.01412 0.1326 0.01121 0.965
165f:4374f 0.05798 0.448 0.6919 0.1812 0.3864
165f:48f 0.1319 0.2308 1 8.491e-06 0.1888
165f:51f 0.413 1 0.05978 0.6597
165f:96f 1.008e-08 0.1165 3.065e-16 0.4911
165f:99f 0.005025 1 0.3186 4.308e-07 0.62
165f:a13f 0.004299 0.1217 0.02964 1.547e-09 0.235
165f:a1f 0.408 1 0.758 0.02564 0.9917
165f:a21f 0.001415 0.00127 0.01421 3.129e-07 0.2163
165f:a22f 0.5428 0.1048 0.008236 8.211e-06 0.9656
165f:a27f 0.0003346 0.7179 0.5998 1.088e-06 0.1865
165f:a28f 0.004037 1 0.02241 1.688e-05 0.965
165f:a29f 0.002658 1 0.0304 0.1838 0.8707
165f:a30f 0.03978 1 0.1641 2.446e-05 0.6049
165f:a7f 0.0284 0.1459 0.51 TRUE 1
165f:a8f 6.858e-05 2.917e-09 3.076e-11 1.263e-23 0.9957
165f:a9f 0.6458 1 0.7413 0.9961
165f:ADr1uf 0.1454 0.008765 0.05763 0.07387 0.9125
165f:bm1f 0.1909 1 0.5072 0.05253 0.8641
165f:bm2f 0.4526 1 1 0.04235 0.9608
165f:bm4f 0.9345 1 0.2408 0.9546
165f:bm5f 0.001229 0.2975 0.007724 0.0001358 0.3943
165f:bm6f 0.007461 1 0.6606 TRUE 1
165f:bm7f 0.01323 1 0.4005 0.006318 0.9005
165f:bm8f 0.9679 1 0.2923 0.01582 0.1884
165f:ch1f 0.06641 1 0.01965 0.8735
165f:ch4f 0.2347 1 0.02405 0.9162
165f:ch5f 0.747 1 0.09893 1
165f:ch6f 0.2441 0.4321 0.5172 0.8447
165f:l1f 3.315e-12 2.392e-27 8.551e-35 5.69e-43 0.0872
165f:l2f 1.283e-09 1.198e-20 1.036e-26 4.775e-35 0.06623
165f:l3f 6.415e-10 3.044e-21 1.611e-24 3.674e-36 1.224e-05
165f:l4f 8.351e-11 4.363e-39 3.673e-43 3.911e-61 1.466e-07
165f:l5f 7.221e-13 6.826e-25 2.698e-35 1.041e-44 2.204e-08
165f:r10f 0.01212 1 0.2425 0.9774
165f:r4f 0.1808 1 0.02309 0.6388
165f:r5f 0.1094 0.6224 1 0.0005536 0.9313
165f:r8f 0.1991 0.1412 1 0.03198 0.8852
165f:r9f 0.2176 1 0.07319 0.08981 0.709
169m:181m 0 1.249e-05 3.524e-27 0 TRUE
169m:187m 4.955e-65 0.0003593 4.497e-08 2.299e-56 TRUE
169m:4370m 0.2809 0.2327 1 0.0005167 0.8986
169m:4373m 0.002641 0.4542 0.6971 0.0003279 0.4011
169m:49m 0.4644 0.3311 0.0154 0.9838
169m:52m 0.3041 1 1 TRUE 1
169m:97m 0.0002657 1 0.04045 1.764e-10 0.7063
169m:a13m 0.1347 0.09632 0.02168 5.382e-06 0.1681
169m:a1m 0.0002325 0.1339 0.6728 0.002323 0.7657
169m:a21m 0.5411 0.2283 0.3147 0.9862
169m:a22m 0.000672 0.04898 0.05161 1.781e-08 0.9883
169m:a27m 9.642e-05 0.008056 0.01939 2.294e-07 0.1777
169m:a28m 2.638e-25 0.0005888 9.387e-08 4.196e-33 0.4503
169m:a29m 0.08228 0.09494 0.0001154 5.234e-08 0.2724
169m:a30m 0.004123 0.0885 0.0001006 1.432e-08 0.2272
169m:a7m 0.1456 1 1 0.3466 0.8971
169m:a8m 1.401e-07 7.774e-13 3.057e-17 5.418e-30 0.01003
169m:a9m 0.001479 1 0.1424 5.244e-05 0.5786
169m:ADr1um 0.1706 0.05676 0.149 TRUE 1
169m:bm1m 0.8973 1 0.2948 0.7943
169m:bm2m 0.1454 0.3603 0.05645 0.9148
169m:bm4m 0.1501 0.5056 TRUE 1
169m:bm5m 0.3767 1 1 TRUE 1
169m:bm6m 0.3654 1 0.07217 0.01535 0.7337
169m:bm7m 0.08901 1 0.7008 TRUE 1
169m:bm8m 0.0439 1 0.1195 0.3006 0.9102
169m:ch1m 0.05321 1 0.09601 0.8669
169m:ch4m 0.8649 1 0.008374 1
169m:ch5m 0.4314 0.4245 TRUE 1
169m:ch6m 0.7972 1 0.1074 0.9569
169m:l1m 1.099e-20 2.62e-13 6.847e-20 2.749e-40 0.01552
169m:l2m 0.001824 3.629e-07 2.134e-06 TRUE 1
169m:l3m 0.0001596 8.848e-07 9.299e-08 TRUE 1
169m:l4m 1.614e-12 4.349e-13 3.789e-18 1.203e-34 0.488
169m:l5m 0.0001667 0.0009099 1.342e-06 9.124e-07 0.6403
169m:r10m 0.5341 1 0.0007555 0.6488
169m:r4m 0.04887 0.3699 0.04069 0.8686
169m:r5m 0.06613 0.1893 0.1046 0.0299 0.0541
169m:r8m 0.809 1 0.6956 0.06978 0.8957
169m:r9m 0.0119 1 0.003917 0.004868 0.2683
171f:177f 0 5.136e-14 1.004e-33 0 TRUE
171f:183f 0 5.657e-10 2.572e-28 0 TRUE
171f:189f 1.217e-143 4.253e-09 1.456e-15 6.385e-216 TRUE
171f:4371f 0.1804 0.3943 0.5365 TRUE 1
171f:4374f 0.2547 0.09115 0.0179 1.918e-05 0.953
171f:48f 0.02384 0.2161 0.2308 0.02666 0.3504
171f:51f 0.001109 0.07586 0.3844 0.7421
171f:96f 0.2289 0.08763 0.0008943 0.6253
171f:99f 0.1429 1 0.2843 TRUE 1
171f:a13f 0.0001088 0.443 0.001605 7.537e-12 0.9902
171f:a1f 0.02525 1 0.004105 0.002278 0.05213
171f:a21f 0.0009469 0.1752 5.257e-05 TRUE 1
171f:a22f 5.892e-06 0.09877 5.383e-05 1.215e-13 0.2413
171f:a27f 0.002437 0.4585 0.1901 3.111e-09 0.04527
171f:a28f 2.186e-31 0.1793 3.299e-09 2.608e-47 TRUE
171f:a29f 4.497e-05 0.1764 0.01461 9.582e-08 0.003234
171f:a30f 8.117e-05 0.234 0.01168 6.118e-16 0.07801
171f:a7f 0.7563 0.0002743 0.001505 0.01132 0.4021
171f:a8f 3.201e-18 1.093e-06 5.376e-22 2.187e-45 9.224e-05
171f:a9f 0.01066 0.2558 0.07766 0.6222
171f:ADr1uf 0.6734 0.06686 0.6496 0.002745 0.6945
171f:bm1f 0.09594 1 0.4537 TRUE 1
171f:bm2f 0.1031 1 1 TRUE 1
171f:bm4f 0.7013 1 0.1792 0.7033
171f:bm5f 0.0008086 0.00329 0.001637 TRUE 1
171f:bm6f 0.02261 0.3253 0.05377 TRUE 1
171f:bm7f 0.1607 0.06411 0.00168 TRUE 1
171f:bm8f 0.06039 1 0.6232 0.001332 0.1059
171f:ch1f 0.005525 0.07528 TRUE 1
171f:ch4f 0.04784 0.1755 0.5047 0.8971
171f:ch5f 0.1583 1 TRUE 1
171f:ch6f 0.05241 0.4145 0.0003718 0.1223
171f:l1f 1.074e-30 2.427e-21 6.91e-47 2.424e-74 TRUE
171f:l2f 3.105e-06 1.366e-12 1.274e-15 7.238e-06 0.06714
171f:l3f 6.051e-07 1.65e-11 5.233e-14 TRUE 1
171f:l4f 5.115e-28 5.082e-21 8.896e-34 6.291e-64 TRUE
171f:l5f 5.361e-08 3.708e-12 5.371e-16 9.119e-16 0.01775
171f:r10f 0.192 0.3058 0.0006634 0.8651
171f:r4f 0.01486 0.5336 0.02634 0.3898
171f:r5f 6.381e-05 0.0596 1.887e-05 0.03378 0.7966
171f:r8f 0.2026 1 0.6868 0.009061 0.8786
171f:r9f 0.06634 1 1 TRUE 1
175m:181m 1.051e-256 0.001256 1.177e-14 0 TRUE
175m:187m 4.941e-324 0.0001645 9.792e-21 0 TRUE
175m:4370m 0.6027 0.0939 0.4037 0.009001 0.5957
175m:4373m 0.0001959 1 1 0.002205 0.1956
175m:49m 0.09528 0.3417 TRUE 1
175m:52m 0.4802 1 1 TRUE 1
175m:97m 4.701e-05 0.05136 0.0009679 2.886e-13 0.925
175m:a13m 0.2467 0.18 0.001561 0.1543 TRUE
175m:a1m 0.01789 0.1446 0.09172 TRUE 1
175m:a21m 0.01162 0.06014 0.0003586 0.2219
175m:a22m 0.1774 0.05001 0.3551 0.00041 0.4565
175m:a27m 0.01517 1 0.1535 4.775e-05 0.2656
175m:a28m 0.0003926 0.226 0.1947 2.636e-05 0.1919
175m:a29m 0.09443 1 0.1236 TRUE 1
175m:a30m 0.6417 1 0.3453 TRUE 1
175m:a7m 0.05089 0.1858 0.04808 TRUE 1
175m:a8m 0.01083 2.659e-11 3.314e-09 TRUE 1
175m:a9m 0.7669 0.1468 0.04259 TRUE 1
175m:ADr1um 0.5563 1 0.6439 TRUE 1
175m:bm1m 0.7222 1 TRUE 1
175m:bm2m 0.7211 0.3832 TRUE 1
175m:bm4m 0.01765 0.03411 0.005479 0.3615
175m:bm5m 0.06277 1 0.3094 0.01075 0.5606
175m:bm6m 0.1007 0.1461 0.07947 TRUE TRUE
175m:bm7m 0.1158 0.1913 0.4393 TRUE 1
175m:bm8m 0.009657 1 0.4353 TRUE 1
175m:ch1m 0.7909 0.3516 0.07205 0.3227
175m:ch4m 0.1455 1 0.1843 0.8549
175m:ch5m 0.1794 0.425 TRUE 1
175m:ch6m 0.679 1 0.05168 0.9517
175m:l1m 0.002429 6.587e-08 5.035e-11 9.543e-17 0.01761
175m:l2m 1.914e-05 6.026e-09 1.203e-10 4.302e-07 0.00113
175m:l3m 6.497e-07 1.837e-07 1.603e-08 8.839e-17 0.01351
175m:l4m 1.359e-08 3.348e-11 6.546e-15 6.43e-18 0.005076
175m:l5m 0.004086 0.001573 1.361e-05 3.649e-05 0.04451
175m:r10m 0.01249 1 TRUE 1
175m:r4m 0.3612 0.365 0.02996 1
175m:r5m 0.1828 8.553e-05 0.002438 0.5615 0.7024
175m:r8m 0.2768 1 0.009237 TRUE 1
175m:r9m 0.95 1 1 0.0007229 0.9035
177f:183f 0 3.233e-23 2.101e-51 0 TRUE
177f:189f 0 4.22e-37 4.662e-62 0 TRUE
177f:4371f 0.09758 0.6551 1 0.02531 0.4784
177f:4374f 0.4511 0.4378 0.6849 TRUE 1
177f:48f 0.1915 1 0.2583 0.036 0.4137
177f:51f 0.4387 1 0.009764 0.5838
177f:96f 0.000114 0.01709 1.171e-06 0.756
177f:99f 0.5013 1 1 0.0009162 0.9037
177f:a13f 0.2272 0.1264 0.0002071 6.027e-08 0.9549
177f:a1f 0.119 1 0.3501 0.000976 0.9457
177f:a21f 0.000521 0.001132 0.0005651 2.142e-05 0.08643
177f:a22f 0.0312 0.444 0.0003566 0.03747 0.9108
177f:a28f 0.02187 0.1647 6.119e-05 5.367e-12 0.47
177f:a29f 0.03669 1 0.6345 TRUE 1
177f:a30f 0.01973 1 0.04101 0.0004854 0.3823
177f:a7f 0.4265 0.1392 1 TRUE 1
177f:a8f 0.0002774 5.275e-08 9.135e-15 9.636e-26 0.02756
177f:a9f 0.488 1 TRUE 1
177f:ADr1uf 0.2003 0.07151 0.05514 0.001509 0.8357
177f:bm1f 0.7261 1 0.153 0.1086 0.6363
177f:bm2f 0.6396 1 1 0.6746 0.681
177f:bm4f 0.6996 1 0.4816 0.7212
177f:bm5f 0.003367 0.3046 0.4279 0.0001476 0.9063
177f:bm6f 0.7068 1 0.1999 TRUE 1
177f:bm7f 0.1938 1 0.1632 0.2225 0.634
177f:bm8f 0.5526 1 0.6233 0.03672 0.6452
177f:ch1f 0.1705 0.08922 0.02532 0.8822
177f:ch4f 0.08409 1 0.002356 0.2886
177f:ch5f 0.4514 1 0.006199 0.5109
177f:ch6f 0.8885 1 0.4941 0.8436
177f:l1f 4.153e-09 2.599e-29 1.979e-37 6.682e-49 0.005486
177f:l2f 1.035e-08 1.857e-16 6.938e-18 1.435e-28 0.147
177f:l3f 2.02e-06 1.331e-12 4.508e-16 3.45e-28 0.4084
177f:l4f 3.566e-12 1.235e-39 1.07e-43 4.675e-53 0.01697
177f:l5f 1.937e-08 2.853e-20 4.429e-30 6.721e-36 0.6024
177f:r10f 0.22 1 0.02191 0.6767
177f:r4f 0.3197 0.5691 0.0629 1
177f:r5f 0.1995 1 0.2153 7.971e-05 0.761
177f:r8f 0.6461 1 0.7149 TRUE 1
177f:r9f 0.1307 1 0.6225 0.005653 0.9265
181m:187m 4.941e-324 3.028e-05 2.791e-30 0 TRUE
181m:4370m 0.2381 0.2464 0.7779 TRUE 1
181m:4373m 0.01155 0.4211 1 TRUE 1
181m:49m 0.4494 0.3277 TRUE 1
181m:52m 0.9141 1 1 TRUE 1
181m:97m 0.06262 1 0.5361 TRUE 1
181m:a13m 0.01645 1 0.04712 TRUE 1
181m:a1m 0.189 1 1 TRUE 1
181m:a21m 0.4247 0.6028 TRUE 1
181m:a22m 0.1499 0.05031 0.01494 2.316e-05 0.1214
181m:a27m 0.04144 1 0.3702 TRUE 1
181m:a28m 7.592e-16 0.0004613 0.005118 TRUE 1
181m:a29m 0.02268 0.09618 0.02562 TRUE 1
181m:a30m 0.004192 0.0905 0.0003608 TRUE 1
181m:a7m 0.6886 0.52 0.4278 TRUE 1
181m:a8m 8.005e-07 5.781e-07 1.96e-09 5.349e-19 0.04995
181m:a9m 0.2292 1 0.1386 TRUE 1
181m:ADr1um 0.6386 0.04459 0.3771 TRUE 1
181m:bm1m 0.5503 0.3949 TRUE 1
181m:bm2m 0.492 1 TRUE 1
181m:bm4m 0.127 0.5036 TRUE TRUE
181m:bm5m 0.167 1 0.02063 TRUE 1
181m:bm6m 0.9129 1 0.19 TRUE 1
181m:bm7m 0.2371 1 0.1021 TRUE 1
181m:bm8m 0.07552 1 0.4294 TRUE 1
181m:ch1m 0.4374 0.2988 TRUE 1
181m:ch4m 0.3135 1 TRUE 1
181m:ch5m 0.9652 0.4263 TRUE 1
181m:ch6m 0.6523 1 TRUE 1
181m:l1m 1.348e-09 7.758e-08 2.213e-11 6.727e-25 0.06707
181m:l2m 0.0196 0.00224 0.0007756 TRUE 1
181m:l3m 0.01796 0.01366 0.02664 TRUE 1
181m:l4m 3.38e-11 2.748e-08 3.16e-11 TRUE 1
181m:l5m 0.00179 0.2705 0.1917 TRUE 1
181m:r10m 0.1842 1 TRUE 1
181m:r4m 0.006856 1 TRUE 1
181m:r5m 0.001643 0.3308 0.1385 TRUE 1
181m:r8m 0.3807 1 0.09636 TRUE 1
181m:r9m 0.3698 1 0.4813 TRUE 1
183f:189f 0 1.317e-31 3.465e-67 0 TRUE
183f:4371f 0.5125 1 1 0.01565 0.6091
183f:4374f 0.01398 0.09696 0.6742 0.001378 0.7635
183f:48f 0.2488 0.2281 0.0002896 0.1036 0.6175
183f:51f 0.3757 1 0.02163 0.8748
183f:96f 0.0825 0.4316 0.004977 0.5132
183f:99f 0.2078 1 1 0.02614 0.3046
183f:a13f 0.05135 0.4663 0.009898 5.31e-07 0.9176
183f:a1f 0.005215 0.188 0.2029 0.0004245 0.5338
183f:a21f 0.01485 0.001162 0.1296 0.0001422 0.9961
183f:a22f 0.1519 0.1019 0.02726 1.326e-07 0.7872
183f:a27f 0.0002559 0.4506 0.5993 8.604e-06 0.6849
183f:a28f 3.481e-14 1 6.394e-07 6.057e-21 0.6804
183f:a29f 0.0048 1 0.0586 TRUE 1
183f:a30f 0.001126 0.002235 0.02491 0.05511 1
183f:a7f 0.5829 0.02602 0.07874 TRUE 1
183f:a8f 6.503e-09 7.607e-11 2.583e-29 3.742e-43 0.02683
183f:a9f 0.2484 1 0.3083 0.624
183f:ADr1uf 0.4177 0.00815 0.1718 0.01015 0.4705
183f:bm1f 0.2789 1 0.158 0.05124 0.6405
183f:bm2f 0.3437 1 1 TRUE 1
183f:bm4f 0.2099 1 0.0001027 0.0336
183f:bm5f 0.02616 0.04465 0.008472 0.0002022 0.01015
183f:bm6f 0.4206 1 0.06006 0.01657 1
183f:bm7f 0.2071 1 0.3952 0.004332 0.5052
183f:bm8f 0.009356 1 0.2716 0.0008899 0.2882
183f:ch1f 0.01837 0.08752 0.001259 TRUE
183f:ch4f 0.1573 1 0.000408 0.5569
183f:ch5f 0.398 1 0.0148 0.05293
183f:ch6f 0.002904 1 TRUE 1
183f:l1f 2.585e-22 9.064e-45 4.502e-63 1.063e-78 TRUE
183f:l2f 8.212e-11 6.017e-16 3.669e-20 1.485e-29 0.04384
183f:l3f 1.165e-08 2.099e-11 3.659e-18 8.379e-26 0.158
183f:l4f 1.213e-28 4.403e-56 2.261e-75 2.178e-91 TRUE
183f:l5f 1.112e-15 4.594e-24 6.444e-36 3.78e-44 0.1113
183f:r10f 0.2865 1 TRUE 1
183f:r4f 0.8446 0.5656 TRUE 1
183f:r5f 0.01525 1 0.2183 0.0002456 1
183f:r8f 0.07424 1 0.4361 0.02868 0.1822
183f:r9f 0.03383 1 0.2502 0.01263 0.9553
187m:4370m 0.09405 0.08591 0.02419 TRUE 1
187m:4373m 0.0807 1 1 TRUE 1
187m:49m 0.1275 1 TRUE 1
187m:52m 0.5147 1 1 TRUE 1
187m:97m 0.1602 1 0.04255 TRUE 1
187m:a13m 0.09688 0.7865 0.0002422 TRUE 1
187m:a1m 0.4062 0.1439 0.6824 TRUE 1
187m:a21m 0.4693 0.009109 0.2806 0.8419
187m:a22m 0.103 0.05017 0.004706 TRUE 1
187m:a27m 0.04353 0.6778 1 0.04043 0.1915
187m:a28m 0.02015 0.2094 0.1708 0.004864 0.3208
187m:a29m 0.4569 0.1019 0.008437 TRUE 1
187m:a30m 0.09284 1 0.05814 TRUE 1
187m:a7m 0.07048 0.18 0.1222 TRUE 1
187m:a8m 0.0002482 0.001806 0.002061 TRUE 1
187m:a9m 0.2457 1 0.6428 TRUE 1
187m:ADr1um 0.9107 0.3104 1 TRUE 1
187m:bm1m 0.51 1 TRUE 1
187m:bm2m 0.6723 1 TRUE 1
187m:bm4m 0.1249 0.03012 TRUE 1
187m:bm5m 0.4487 1 0.2847 TRUE 1
187m:bm6m 0.4715 1 1 TRUE 1
187m:bm7m 0.0581 1 0.1165 TRUE 1
187m:bm8m 0.7381 1 0.429 TRUE 1
187m:ch1m 0.9652 0.3028 TRUE 1
187m:ch4m 0.2443 1 TRUE 1
187m:ch5m 1 0.1015 TRUE 1
187m:ch6m 0.8457 1 TRUE 1
187m:l1m 9.379e-05 7.233e-09 1.255e-08 TRUE 1
187m:l2m 0.002852 1.952e-05 1.141e-06 1.255e-11 0.003435
187m:l3m 0.000705 0.0001054 2.376e-06 TRUE 1
187m:l4m 8.68e-06 2.073e-09 8.517e-11 TRUE 1
187m:l5m 0.02635 0.008456 0.0006111 TRUE 1
187m:r10m 0.1146 1 TRUE 1
187m:r4m 0.06753 1 TRUE 1
187m:r5m 0.00803 0.0009104 0.00602 TRUE 1
187m:r8m 0.7899 1 0.686 TRUE 1
187m:r9m 0.8434 1 1 0.00335 0.9666
189f:4371f 0.116 0.05106 0.1266 0.003881 0.8609
189f:4374f 0.02357 0.01508 0.2255 0.09103 0.4233
189f:48f 0.7038 1 0.4253 TRUE 1
189f:51f 0.5224 0.401 0.02408 0.4473
189f:96f 0.001578 0.445 0.0002087 0.4604
189f:99f 0.1009 1 1 0.02571 0.4028
189f:a13f 0.5924 0.4862 0.03908 1.289e-08 0.7468
189f:a1f 0.0192 0.1917 0.5329 2.22e-06 0.6864
189f:a21f 0.0374 3.208e-05 0.0465 3.617e-05 0.6307
189f:a22f 0.03953 0.4444 0.0003607 2.718e-06 0.884
189f:a27f 0.0005837 0.4473 1 4.626e-06 0.5616
189f:a28f 0.0001936 0.1693 6.917e-06 2.864e-15 0.462
189f:a29f 0.01108 1 0.1518 TRUE 1
189f:a30f 0.001634 0.261 0.327 0.002438 0.7559
189f:a7f 0.586 0.003549 0.295 0.01709 0.9165
189f:a8f 7.767e-06 2.123e-15 1.543e-22 7.091e-31 0.009618
189f:a9f 0.9507 0.6233 0.02442 0.914
189f:ADr1uf 0.5756 0.0006223 0.002627 0.02138 0.9627
189f:bm1f 0.174 1 0.5235 0.005492 0.7235
189f:bm2f 0.01516 1 0.4657 0.04064 0.8123
189f:bm4f 0.307 1 0.00373 0.1366
189f:bm5f 0.4258 0.3048 0.4281 0.000419 0.7544
189f:bm6f 0.7218 0.3452 0.06655 0.005504 0.7525
189f:bm7f 0.3833 0.3752 0.6523 0.00393 1
189f:bm8f 0.1243 1 0.08658 0.001307 0.07685
189f:ch1f 0.01394 0.4134 0.007282 0.5391
189f:ch4f 0.2177 1 0.002943 0.8231
189f:ch5f 0.4084 1 0.03379 0.6994
189f:ch6f 0.01043 1 0.03431 0.9473
189f:l1f 1.129e-16 1.613e-44 1.078e-59 2.146e-81 0.02192
189f:l2f 6.182e-09 2.877e-14 1.335e-19 8.412e-35 0.3895
189f:l3f 4.699e-10 5.707e-12 3.55e-18 2.279e-25 0.3006
189f:l4f 3.662e-19 7.204e-72 1.848e-78 1.538e-94 2.484e-06
189f:l5f 1.208e-13 1.548e-23 7.902e-37 6.732e-49 0.175
189f:r10f 0.312 1 0.005091 0.64
189f:r4f 0.9232 1 0.4863 0.7864
189f:r5f 0.001497 1 0.1458 0.001535 1
189f:r8f 0.4021 1 0.4393 0.03235 0.9631
189f:r9f 0.1303 1 1 0.0007532 0.02281
4370m:4373m 5.189e-06 0.5478 0.01369 3.397e-13 TRUE
4370m:49m 0.8494 0.3605 0.03097 0.9886
4370m:52m 0.6222 1 0.06798 0.07593 0.6545
4370m:97m 0.3787 1 0.2189 0.002156 0.8421
4370m:a13m 0.6365 0.1511 0.02108 0.005659 0.5889
4370m:a1m 0.6742 1 1 0.04323 0.9639
4370m:a21m 0.5529 0.05612 0.6846 0.008195 0.9519
4370m:a22m 0.07258 1 0.8046 0.04265 0.9803
4370m:a27m 0.6956 1 1 0.003857 0.4292
4370m:a28m 0.8227 1 1 0.1655 0.8648
4370m:a29m 0.2845 1 0.0697 0.0001382 1
4370m:a30m 0.7184 1 1 0.1805 0.8567
4370m:a7m 0.8707 0.6063 1 TRUE 1
4370m:a8m 0.3723 0.01955 0.09313 0.0009101 0.9208
4370m:a9m 0.228 1 1 0.03019 0.2927
4370m:ADr1um 0.4287 0.4596 0.1503 0.02709 1
4370m:bm1m 0.8226 1 0.01206 0.6992
4370m:bm2m 0.9111 0.6392 0.05225 0.8862
4370m:bm4m 0.38 0.3413 0.01797 0.6173
4370m:bm5m 0.5034 1 0.7162 0.118 0.967
4370m:bm6m 0.6856 1 0.02503 0.03041 0.5004
4370m:bm7m 0.6115 1 1 0.04079 0.694
4370m:bm8m 0.7616 1 0.6436 0.07115 0.768
4370m:ch1m 0.6339 1 0.0212 0.8796
4370m:ch4m 0.9376 0.5932 0.05819 1
4370m:ch5m 0.1185 0.616 0.08785 0.8916
4370m:ch6m 0.7385 1 0.1639 0.7026
4370m:l1m 0.2201 0.0004886 1.78e-05 1.683e-07 0.799
4370m:l2m 0.2471 0.5607 0.2051 4.356e-06 0.9307
4370m:l3m 0.00205 0.03146 0.0006985 1.026e-06 0.7199
4370m:l4m 0.4722 0.9421 0.7571 0.0005994 0.0285
4370m:l5m 0.3002 0.5985 0.01533 1.139e-06 0.9865
4370m:r10m 0.9502 1 0.004275 0.6905
4370m:r4m 0.7521 1 0.1798 0.4649
4370m:r5m 0.8769 1 0.09813 0.004447 0.8386
4370m:r8m 1 1 1 0.00676 0.1721
4370m:r9m 0.5916 1 0.08477 0.09211 0.3578
4371f:4374f 6.146e-10 0.001409 4.451e-06 3.948e-19 TRUE
4371f:48f 0.528 1 1 0.003097 0.93
4371f:51f 0.2421 1 0.0885 0.735
4371f:96f 0.9038 1 0.03795 0.9815
4371f:99f 0.984 0.05483 0.3261 0.2704 0.9378
4371f:a13f 0.4151 0.6216 0.8004 0.01599 1
4371f:a1f 0.7558 0.2408 0.008763 TRUE 1
4371f:a21f 0.6871 1 1 0.1268 0.8788
4371f:a22f 0.3965 0.1554 0.5634 0.1811 0.5295
4371f:a27f 0.9331 0.1728 0.1128 0.01391 0.2176
4371f:a28f 0.03164 1 1 0.0001986 0.773
4371f:a29f 0.05587 0.2786 0.2487 0.1488 0.4333
4371f:a30f 0.8684 0.6339 0.3923 0.08824 0.2614
4371f:a7f 0.8168 0.2119 0.1393 0.07452 0.9775
4371f:a8f 0.6501 0.263 0.3931 0.0002728 0.5107
4371f:a9f 0.4067 0.6586 0.02949 0.8148
4371f:ADr1uf 0.2152 1 1 0.07422 0.7854
4371f:bm1f 0.8304 1 0.4008 0.07527 0.7946
4371f:bm2f 0.07503 1 0.3263 0.01216 0.9106
4371f:bm4f 0.6697 1 0.0667 0.9546
4371f:bm5f 0.9492 1 1 TRUE 1
4371f:bm6f 0.9871 1 0.3426 0.07941 1
4371f:bm7f 0.564 1 0.7597 0.08231 0.9575
4371f:bm8f 0.4632 1 1 0.06082 1
4371f:ch1f 0.518 0.5783 0.1523 0.7052
4371f:ch4f 0.8717 1 0.0846 0.6332
4371f:ch5f 0.5657 0.5964 0.08316 0.9927
4371f:ch6f 0.7944 1 0.1287 0.04547 0.6427
4371f:l1f 0.2788 0.005595 0.002758 1.195e-06 0.01212
4371f:l2f 0.0385 0.006649 0.004269 1.184e-05 0.008279
4371f:l3f 0.04188 0.001254 3.9e-05 4.408e-08 0.001428
4371f:l4f 0.2945 0.0003831 0.0002855 2.686e-07 0.9613
4371f:l5f 0.1024 0.0001623 0.001631 4.302e-07 0.3983
4371f:r10f 1 1 0.3654 0.7258
4371f:r4f 0.9364 0.388 0.07423 0.6213
4371f:r5f 0.6613 0.101 0.8609 0.07217 1
4371f:r8f 0.1918 1 0.3851 0.2066 0.9718
4371f:r9f 0.7858 1 0.1713 0.1131 0.608
4373m:49m 0.9546 0.007369 0.1248 0.8878
4373m:52m 0.8186 1 0.3591 0.01769 0.8693
4373m:97m 0.08834 1 0.008769 0.002528 0.3854
4373m:a13m 0.6046 0.1766 0.152 0.109 0.8088
4373m:a1m 0.319 1 0.1004 TRUE 1
4373m:a21m 0.976 0.05445 0.6853 0.0006771 0.7602
4373m:a22m 0.9526 1 0.0434 TRUE 1
4373m:a27m 0.9018 0.1325 0.02485 TRUE 1
4373m:a28m 0.2395 1 0.4285 TRUE 1
4373m:a29m 0.7209 1 0.5072 TRUE 1
4373m:a30m 0.2017 0.5663 0.02856 TRUE 1
4373m:a7m 0.5284 0.06127 0.04824 TRUE 1
4373m:a8m 0.9413 0.07258 0.05701 0.008548 0.5379
4373m:a9m 0.696 1 0.08881 0.247 0.8497
4373m:ADr1um 0.4904 0.4478 1 TRUE 1
4373m:bm1m 0.5941 1 TRUE 1
4373m:bm2m 0.1667 0.1339 TRUE 1
4373m:bm4m 0.6315 0.6307 TRUE 1
4373m:bm5m 0.1909 1 0.4512 0.8026 0.9778
4373m:bm6m 0.5082 0.1548 1 0.1497 0.8191
4373m:bm7m 0.7286 1 1 0.06226 0.7107
4373m:bm8m 0.7147 1 0.3985 TRUE 1
4373m:ch1m 0.3318 0.6216 0.117 0.9791
4373m:ch4m 0.7747 1 0.07498 0.9635
4373m:ch5m 0.4474 0.6138 TRUE 1
4373m:ch6m 0.762 1 0.01798 0.3786
4373m:l1m 0.02317 6.617e-05 0.0001083 TRUE 1
4373m:l2m 0.5088 0.3438 0.07699 TRUE 1
4373m:l3m 0.2616 0.03758 0.003378 TRUE 1
4373m:l4m 0.7211 0.0005163 0.00122 TRUE 1
4373m:l5m 0.1835 0.9298 0.1251 0.02748 0.3426
4373m:r10m 0.5915 1 0.5474 0.9317
4373m:r4m 0.6084 1 TRUE 1
4373m:r5m 0.4835 0.03403 0.0121 TRUE 1
4373m:r8m 0.2796 0.103 1 0.1446 0.8804
4373m:r9m 0.8137 1 0.6864 TRUE 1
4374f:48f 0.1566 1 1 0.3878 0.7394
4374f:51f 0.9851 1 TRUE 1
4374f:96f 0.146 1 0.2638 1
4374f:99f 0.09783 0.05493 0.3266 0.5709 0.9428
4374f:a13f 0.9387 0.2471 0.6094 0.05735 0.6
4374f:a1f 0.7848 1 0.08175 0.04345 0.966
4374f:a21f 0.5084 0.3164 0.5408 TRUE 1
4374f:a22f 0.8828 0.5134 0.2496 0.00493 0.8784
4374f:a27f 0.391 0.016 0.03762 0.2235 0.7608
4374f:a28f 0.4665 1 0.7006 0.3483 0.6436
4374f:a30f 0.6178 0.1347 0.1321 TRUE 1
4374f:a7f 0.507 0.05475 0.3889 0.02021 0.6263
4374f:a8f 0.1428 0.04993 0.009688 0.1952 0.9289
4374f:a9f 0.906 1 TRUE 1
4374f:ADr1uf 0.5711 0.2054 0.7474 0.1217 0.9584
4374f:bm1f 0.5918 1 1 TRUE 1
4374f:bm2f 0.5765 1 0.6342 0.6127 0.9533
4374f:bm4f 0.192 1 0.1705 0.4597
4374f:bm5f 0.3638 1 0.1244 0.3377 0.8133
4374f:bm6f 0.7632 1 0.04777 0.04502 0.4365
4374f:bm7f 0.3469 0.4337 0.3661 0.2118 1
4374f:bm8f 1 1 0.6978 0.0688 0.6609
4374f:ch1f 0.5644 1 0.02771 0.7127
4374f:ch4f 0.4292 0.6225 0.2562 0.9304
4374f:ch5f 0.9241 0.6217 0.002632 0.7842
4374f:ch6f 0.7759 1 1 0.1956 0.6333
4374f:l1f 0.9345 0.01458 0.01819 0.05217 1
4374f:l2f 0.2627 0.08472 0.05868 9.041e-08 0.5223
4374f:l3f 0.8246 0.004321 0.001263 1.493e-06 0.6436
4374f:l4f 0.1314 0.00292 0.003515 TRUE 1
4374f:l5f 0.6861 0.004318 0.002138 TRUE 1
4374f:r10f 0.4554 1 TRUE 1
4374f:r4f 0.596 1 TRUE 1
4374f:r5f 0.1194 0.3202 8.092e-05 TRUE 1
4374f:r8f 0.7952 1 0.4167 0.1372 0.7489
4374f:r9f 0.4717 1 0.1939 0.02627 0.9204
48f:51f 3.13e-23 0.1782 TRUE TRUE
48f:96f 0.5207 1 TRUE 1
48f:99f 0.6207 1 0.06235 TRUE 1
48f:a13f 0.008242 1 1 TRUE 1
48f:a1f 0.003515 0.2232 0.08069 TRUE 1
48f:a21f 0.6822 1 0.2911 TRUE 1
48f:a22f 0.001725 0.1352 0.508 TRUE 1
48f:a27f 0.01454 0.4026 0.3733 TRUE 1
48f:a28f 0.7998 1 0.3346 TRUE 1
48f:a29f 3.796e-07 1 3.294e-05 TRUE 1
48f:a30f 1.848e-33 6.876e-09 1.431e-19 TRUE TRUE
48f:a7f 0.8663 1 0.5243 TRUE 1
48f:a8f 0.01395 0.8199 0.06515 TRUE 1
48f:a9f 0.03676 0.1155 TRUE 1
48f:ADr1uf 0.02196 1 0.2586 TRUE 1
48f:bm1f 0.985 1 0.5712 TRUE 1
48f:bm2f 0.8385 1 1 TRUE 1
48f:bm4f 0.1701 1 TRUE 1
48f:bm5f 0.02176 0.3429 0.4748 TRUE 1
48f:bm6f 0.5344 0.0769 0.4207 TRUE 1
48f:bm7f 0.9856 0.09671 0.2479 TRUE 1
48f:bm8f 0.2052 1 1 TRUE 1
48f:ch1f 0.1959 0.4594 TRUE 1
48f:ch4f 0.1209 1 TRUE 1
48f:ch5f 0.3203 1 TRUE 1
48f:ch6f 0.1676 1 TRUE 1
48f:l1f 0.0001187 0.003945 3.28e-07 TRUE 1
48f:l2f 0.001112 0.3172 0.1795 TRUE 1
48f:l3f 0.00886 0.1964 0.02998 TRUE 1
48f:l4f 1.852e-05 0.3293 5.124e-05 TRUE 1
48f:l5f 0.00376 0.6695 0.5645 TRUE 1
48f:r10f 0.02182 0.07085 TRUE 1
48f:r4f 0.01817 1 TRUE 1
48f:r5f 0.05522 0.1087 0.00171 TRUE 1
48f:r8f 0.432 1 1 TRUE 1
48f:r9f 0.00323 1 1 TRUE 1
49m:52m 7.619e-22 0.05831 0.008892 TRUE TRUE
49m:97m 0.007713 1 1 TRUE 1
49m:a13m 0.686 0.4092 0.5212 TRUE 1
49m:a1m 0.8614 0.1874 0.03027 TRUE 1
49m:a21m 0.7861 1 TRUE 1
49m:a22m 0.2456 1 0.7605 TRUE 1
49m:a27m 0.1644 0.1248 0.02709 TRUE 1
49m:a28m 0.9335 1 1 TRUE 1
49m:a29m 0.08575 1 0.2373 TRUE 1
49m:a30m 1.865e-06 0.001305 2.963e-06 TRUE 1
49m:a7m 0.6112 0.5319 0.7117 TRUE 1
49m:a8m 0.7696 0.6712 0.2992 TRUE 1
49m:a9m 0.008526 1 0.6609 TRUE 1
49m:ADr1um 0.8689 1 0.4009 TRUE 1
49m:bm1m 0.213 0.488 TRUE 1
49m:bm2m 0.4914 1 TRUE 1
49m:bm4m 0.5425 0.5151 TRUE 1
49m:bm5m 0.9217 1 1 TRUE 1
49m:bm6m 0.415 1 0.02035 TRUE 1
49m:bm7m 0.3837 0.1871 0.1416 TRUE 1
49m:bm8m 0.8114 1 0.5233 TRUE 1
49m:ch1m 0.5004 1 TRUE 1
49m:ch4m 0.02991 0.3347 TRUE 1
49m:ch5m 0.4825 0.4565 TRUE 1
49m:ch6m 0.1589 1 TRUE 1
49m:l1m 0.01274 0.4073 0.4815 TRUE 1
49m:l2m 0.01501 0.8559 0.6275 TRUE 1
49m:l3m 0.7838 1 0.9023 TRUE 1
49m:l4m 0.01315 0.1581 0.01594 TRUE 1
49m:l5m 0.5283 0.6657 0.7502 TRUE 1
49m:r10m 0.9605 1 TRUE 1
49m:r4m 0.7713 1 TRUE 1
49m:r5m 0.6726 0.005088 0.06039 TRUE 1
49m:r8m 0.3619 0.09703 0.4367 TRUE 1
49m:r9m 0.688 1 0.5307 TRUE 1
51f:96f 0.3582 1 TRUE 1
51f:99f 0.4013 1 1 TRUE 1
51f:a13f 0.1896 0.1365 1 TRUE 1
51f:a1f 0.6812 1 0.7651 TRUE 1
51f:a21f 0.06634 0.2393 0.05469 TRUE 1
51f:a22f 0.6589 1 1 TRUE 1
51f:a27f 0.3789 0.155 0.05478 TRUE 1
51f:a28f 0.5501 1 1 TRUE 1
51f:a29f 0.1842 0.2028 0.2554 TRUE 1
51f:a30f 0.001988 0.07788 0.002406 TRUE 1
51f:a7f 0.7214 1 1 TRUE 1
51f:a8f 0.2833 0.142 0.01783 TRUE 1
51f:a9f 0.7282 0.29 TRUE 1
51f:ADr1uf 0.9845 1 1 TRUE 1
51f:bm1f 0.7688 1 0.5378 TRUE 1
51f:bm2f 0.3195 1 0.1484 TRUE 1
51f:bm4f 0.8743 1 TRUE 1
51f:bm5f 0.03736 1 0.4431 TRUE 1
51f:bm6f 0.1403 0.3554 0.07377 TRUE 1
51f:bm7f 0.9399 0.3974 0.07156 TRUE 1
51f:bm8f 0.7701 1 0.6278 TRUE 1
51f:ch1f 0.9387 1 TRUE 1
51f:ch4f 0.6395 1 TRUE 1
51f:ch5f 0.6825 0.2819 TRUE 1
51f:ch6f 0.0309 0.1175 TRUE 1
51f:l1f 0.001302 0.07995 0.001424 TRUE 1
51f:l2f 0.01786 0.08063 0.02295 TRUE 1
51f:l3f 0.02227 0.02607 0.002326 TRUE 1
51f:l4f 0.1901 0.05646 0.01967 TRUE 1
51f:l5f 0.1725 0.05035 0.1617 TRUE 1
51f:r10f 0.4629 1 TRUE 1
51f:r4f 0.2885 1 TRUE 1
51f:r5f 0.1582 1 0.1634 TRUE 1
51f:r8f 0.1495 1 0.4481 TRUE 1
51f:r9f 0.4365 1 1 TRUE 1
52m:97m 0.3166 1 0.54 TRUE 1
52m:a13m 0.834 1 1 TRUE 1
52m:a1m 0.7902 1 0.1107 TRUE 1
52m:a21m 0.8044 1 TRUE 1
52m:a22m 0.7525 0.05048 0.212 TRUE 1
52m:a27m 0.8352 0.02946 0.2846 TRUE 1
52m:a28m 0.3982 1 0.4162 TRUE 1
52m:a29m 0.2536 1 0.3738 TRUE 1
52m:a30m 0.1202 0.08914 0.1576 TRUE 1
52m:a7m 0.7804 0.1792 0.0006036 TRUE 1
52m:a8m 0.03291 0.837 0.2603 TRUE 1
52m:a9m 0.3236 0.147 0.6606 TRUE 1
52m:ADr1um 0.9837 0.3384 0.6562 TRUE 1
52m:bm1m 0.2522 0.5006 TRUE 1
52m:bm2m 0.4392 0.09212 TRUE 1
52m:bm4m 0.4886 1 TRUE 1
52m:bm5m 0.1024 1 0.6296 TRUE 1
52m:bm6m 0.3239 1 0.6861 TRUE 1
52m:bm7m 0.9374 1 0.2692 TRUE 1
52m:bm8m 0.5087 1 1 TRUE 1
52m:ch1m 0.6683 1 TRUE 1
52m:ch4m 0.8156 0.06216 TRUE 1
52m:ch5m 0.4589 0.129 TRUE 1
52m:ch6m 0.2728 0.3453 TRUE 1
52m:l1m 0.1711 0.1813 1 TRUE 1
52m:l2m 0.03621 0.9295 0.3112 TRUE 1
52m:l3m 0.02727 0.02313 0.01426 TRUE 1
52m:l4m 0.7011 0.2925 0.03678 TRUE 1
52m:l5m 0.5882 0.1042 0.03731 TRUE 1
52m:r10m 0.1818 1 TRUE 1
52m:r4m 0.08345 0.4138 TRUE 1
52m:r5m 0.2686 0.7562 0.08443 TRUE TRUE
52m:r8m 0.01601 0.1005 0.01251 TRUE 1
52m:r9m 0.7962 0.09804 0.5388 TRUE 1
96f:99f 2.954e-05 0.05351 0.004555 TRUE 1
96f:a13f 0.4605 1 0.5319 TRUE 1
96f:a1f 0.8008 0.1887 0.05593 TRUE 1
96f:a21f 0.4535 0.2295 0.1256 TRUE 1
96f:a22f 0.1658 0.4349 0.2248 TRUE 1
96f:a27f 0.08913 1 0.3515 TRUE TRUE
96f:a28f 0.5339 0.1488 0.2617 TRUE 1
96f:a29f 0.4091 1 0.8097 TRUE 1
96f:a30f 0.1692 1 0.6905 TRUE 1
96f:a7f 0.3279 0.1345 0.2852 TRUE 1
96f:a8f 0.01838 0.08699 0.01129 TRUE 1
96f:a9f 0.1183 1 TRUE 1
96f:ADr1uf 0.2679 1 1 TRUE 1
96f:bm1f 0.4343 1 1 TRUE 1
96f:bm2f 0.3256 1 1 TRUE 1
96f:bm4f 0.416 1 TRUE 1
96f:bm5f 0.6437 1 0.4293 TRUE 1
96f:bm6f 0.8888 1 1 TRUE 1
96f:bm7f 0.4472 1 0.4005 TRUE 1
96f:bm8f 0.9678 1 0.6229 TRUE 1
96f:ch1f 0.4735 1 TRUE 1
96f:ch4f 0.9673 1 TRUE 1
96f:ch5f 0.9353 0.02424 TRUE 1
96f:ch6f 0.437 0.4454 TRUE 1
96f:l1f 0.005361 0.05285 0.003265 TRUE 1
96f:l2f 0.03662 0.1523 0.04589 TRUE 1
96f:l3f 0.08125 0.03114 0.2375 TRUE 1
96f:l4f 0.03741 0.03263 0.00382 TRUE 1
96f:l5f 0.01256 0.2659 0.05197 TRUE 1
96f:r10f 0.02017 1 TRUE 1
96f:r4f 0.1717 0.5191 TRUE 1
96f:r5f 0.6372 0.6223 0.2179 TRUE 1
96f:r8f 0.6025 0.1467 0.716 TRUE 1
96f:r9f 0.9048 1 0.6223 TRUE 1
97m:a13m 0.07882 0.2665 0.8706 TRUE 1
97m:a1m 0.1562 1 0.4154 TRUE 1
97m:a21m 0.04986 0.06041 TRUE 1
97m:a22m 0.05168 1 0.7496 TRUE 1
97m:a27m 0.6794 0.1338 0.2949 TRUE 1
97m:a28m 0.01681 0.1547 0.01454 TRUE 1
97m:a29m 0.6581 1 0.371 TRUE 1
97m:a30m 0.5376 0.4044 0.2432 TRUE 1
97m:a7m 0.5697 0.5347 1 TRUE 1
97m:a8m 0.08403 0.1993 0.08498 TRUE 1
97m:a9m 0.2407 1 0.1496 TRUE 1
97m:ADr1um 0.2495 1 0.6458 TRUE 1
97m:bm1m 0.406 1 TRUE 1
97m:bm2m 0.721 1 TRUE 1
97m:bm4m 0.3822 0.5104 TRUE 1
97m:bm5m 0.5828 1 1 TRUE 1
97m:bm6m 0.3238 1 0.409 TRUE 1
97m:bm7m 0.2678 1 0.444 TRUE 1
97m:bm8m 0.3669 1 1 TRUE 1
97m:ch1m 0.9008 0.05507 TRUE 1
97m:ch4m 0.5819 1 TRUE 1
97m:ch5m 0.3074 1 TRUE 1
97m:ch6m 0.6989 1 TRUE 1
97m:l1m 0.03053 0.0003377 0.0009075 TRUE 1
97m:l2m 0.742 0.7836 0.2632 TRUE 1
97m:l3m 0.2543 0.2737 0.5245 TRUE 1
97m:l4m 0.005504 0.0005138 0.0001458 TRUE 1
97m:l5m 0.635 0.4982 0.4095 TRUE 1
97m:r10m 0.1769 0.1938 TRUE 1
97m:r4m 0.4084 1 TRUE 1
97m:r5m 0.9261 0.7543 0.5939 TRUE 1
97m:r8m 0.0254 1 0.107 TRUE 1
97m:r9m 0.7703 1 0.4581 TRUE 1
99f:a13f 0.7648 1 0.06231 TRUE 1
99f:a1f 0.9241 1 0.2035 TRUE 1
99f:a21f 0.6537 0.2339 0.4475 TRUE 1
99f:a22f 0.9561 0.111 0.02766 TRUE 1
99f:a27f 0.1226 0.3705 0.04231 TRUE 1
99f:a28f 0.6607 1 1 TRUE 1
99f:a29f 0.9707 1 0.1535 TRUE 1
99f:a30f 0.06462 0.6221 0.5562 TRUE 1
99f:a7f 0.5305 0.4818 0.7264 TRUE 1
99f:a8f 0.3522 0.4533 0.2526 TRUE 1
99f:a9f 0.1963 0.2824 TRUE 1
99f:ADr1uf 0.9673 1 1 TRUE 1
99f:bm1f 0.4721 1 0.5243 TRUE 1
99f:bm2f 0.9512 1 1 TRUE 1
99f:bm4f 0.755 1 TRUE 1
99f:bm5f 0.8103 1 1 TRUE 1
99f:bm6f 0.08753 0.3426 0.6588 TRUE 1
99f:bm7f 1 0.3418 0.169 TRUE 1
99f:bm8f 0.4907 1 0.6228 TRUE 1
99f:ch1f 0.1997 1 TRUE 1
99f:ch4f 0.1136 0.1444 TRUE 1
99f:ch5f 0.1267 1 TRUE 1
99f:ch6f 0.7793 1 TRUE 1
99f:l1f 0.03126 0.08061 0.00528 TRUE 1
99f:l2f 0.6758 0.481 0.01486 TRUE 1
99f:l3f 0.1626 0.1024 0.003829 TRUE 1
99f:l4f 0.456 0.9283 0.6564 TRUE 1
99f:l5f 1 0.466 0.4127 TRUE 1
99f:r10f 1 0.3084 TRUE 1
99f:r4f 0.2639 1 TRUE 1
99f:r5f 0.2147 1 0.4106 TRUE 1
99f:r8f 0.9232 1 0.7156 TRUE 1
99f:r9f 0.2163 1 0.6223 TRUE 1
a13f:a1f 0.3025 1 0.202 TRUE 1
a13f:a21f 0.9885 1 1 TRUE 1
a13f:a22f 0.8993 0.0356 0.4396 TRUE 1
a13f:a27f 0.1088 0.2038 0.3069 TRUE 1
a13f:a28f 0.1301 1 0.7018 0.01564 0.7522
a13f:a29f 3.721e-05 1 3.822e-05 TRUE 1
a13f:a30f 0.0007877 1 0.1256 TRUE 1
a13f:a7f 0.899 1 0.07732 TRUE 1
a13f:a8f 9.084e-05 3.061e-09 2.923e-14 0.002946 0.1579
a13f:a9f 0.4914 0.02491 0.05982 0.9034
a13f:ADr1uf 1 3.209e-06 5.961e-05 0.02072 0.7416
a13f:bm1f 0.3977 1 0.6694 0.1082 0.8356
a13f:bm2f 0.4551 1 0.1368 TRUE 1
a13f:bm4f 0.5598 0.6221 0.7291 0.9746
a13f:bm5f 0.4293 1 0.376 TRUE 1
a13f:bm6f 0.9388 0.4774 0.7588 0.01118 0.9712
a13f:bm7f 0.8189 0.4145 0.7649 0.0967 0.8559
a13f:bm8f 0.8299 1 0.4307 TRUE 1
a13f:ch1f 0.524 0.05657 0.09773 0.6857
a13f:ch4f 0.6992 1 TRUE 1
a13f:ch5f 0.8652 1 0.04062 0.3322
a13f:ch6f 0.3659 1 0.2293 0.703
a13f:l1f 1.394e-06 1.773e-31 1.265e-32 1.178e-41 0.005861
a13f:l2f 0.002267 1.339e-33 1.91e-30 5.733e-42 1.388e-10
a13f:l3f 0.00062 1.043e-22 9.867e-20 1.01e-37 2.196e-13
a13f:l4f 3.226e-07 4.128e-24 2.343e-27 2.486e-33 0.047
a13f:l5f 0.00405 1.05e-32 1.474e-24 3.505e-42 0.1534
a13f:r10f 0.2282 0.01104 TRUE 1
a13f:r4f 0.1775 1 0.1413 0.5762
a13f:r5f 1 0.2677 0.1581 0.127 0.5238
a13f:r8f 0.7056 1 0.08511 TRUE 1
a13f:r9f 0.3031 1 0.7101 0.2008 0.8265
a13m:a1m 0.4448 1 0.01023 0.03003 0.4248
a13m:a21m 0.6997 1 0.492 0.02758 0.8581
a13m:a22m 0.3193 1 0.3365 0.002321 0.493
a13m:a27m 0.0001987 5.343e-06 6.381e-05 1.457e-05 0.3356
a13m:a28m 0.002592 0.2508 0.1666 0.0007983 0.55
a13m:a29m 0.000466 0.189 3.848e-05 1.148e-12 0.2645
a13m:a30m 0.0002466 0.008142 4.49e-07 8.253e-06 0.1779
a13m:a7m 0.2153 1 0.2419 0.0006135 0.1132
a13m:a8m 4.909e-12 1.096e-11 8.658e-23 1.762e-28 0.3664
a13m:a9m 0.5669 0.1892 0.1107 0.04767 0.435
a13m:ADr1um 0.3223 4.309e-06 7.253e-06 2.337e-14 0.2603
a13m:bm1m 0.4792 0.07241 0.1423 0.5284
a13m:bm2m 0.8237 0.003107 0.003152 0.8746
a13m:bm4m 0.0587 1 0.05986 0.8268
a13m:bm5m 0.08903 0.2998 0.001782 0.5292
a13m:bm6m 0.4884 0.1758 0.01319 0.01016 1
a13m:bm7m 0.884 0.1799 0.09762 0.03353 0.6078
a13m:bm8m 0.4939 1 1 0.1155 0.6061
a13m:ch1m 0.7908 0.6203 0.0139 0.6024
a13m:ch4m 0.2266 0.3177 0.006665 0.08515
a13m:ch5m 0.8589 1 0.05082 0.282
a13m:ch6m 0.2131 0.2489 0.02949 0.9032
a13m:l1m 1.804e-20 2.087e-62 4.505e-81 1.083e-88 0.01193
a13m:l2m 1.163e-15 2.633e-99 2.003e-95 8.526e-110 5.398e-30
a13m:l3m 3.729e-13 1.213e-80 7.928e-89 4.793e-108 7.865e-29
a13m:l4m 5.311e-23 3.255e-60 2.164e-71 1.303e-83 0.009093
a13m:l5m 4.037e-15 9.496e-93 1.294e-90 1.227e-116 4.709e-50
a13m:r10m 0.3771 0.3424 0.07701 0.4561
a13m:r4m 0.04393 0.008842 0.003038 0.9629
a13m:r5m 0.01291 0.001805 5.928e-05 6.471e-06 0.3516
a13m:r8m 0.1586 1 0.1398 0.004637 0.4303
a13m:r9m 0.02581 0.1814 0.4405 0.000103 0.5146
a1f:a21f 0.2432 0.3756 0.0863 TRUE 1
a1f:a22f 0.1236 0.5728 0.02267 TRUE 1
a1f:a27f 0.0531 0.6989 0.1597 TRUE 1
a1f:a28f 0.1663 1 0.4924 TRUE 1
a1f:a29f 1.088e-23 0.0004156 5.162e-09 1.242e-33 TRUE
a1f:a30f 0.01499 0.0005154 4.315e-05 TRUE 1
a1f:a7f 0.02726 0.2747 0.01712 TRUE 1
a1f:a8f 0.0528 0.8399 0.1314 TRUE 1
a1f:a9f 0.211 1 TRUE 1
a1f:ADr1uf 0.09522 0.1315 0.1566 TRUE 1
a1f:bm1f 0.02382 0.06492 0.7126 TRUE 1
a1f:bm2f 0.3146 1 1 TRUE 1
a1f:bm4f 0.9653 0.6297 TRUE 1
a1f:bm5f 0.2369 1 0.586 TRUE 1
a1f:bm6f 0.8292 0.1757 0.1504 TRUE 1
a1f:bm7f 0.5162 0.1381 0.2755 TRUE 1
a1f:bm8f 0.8086 1 0.4998 TRUE 1
a1f:ch1f 0.03242 1 TRUE 1
a1f:ch4f 0.952 0.6334 TRUE 1
a1f:ch5f 0.5622 0.6306 TRUE 1
a1f:ch6f 0.6984 1 0.6789 TRUE 1
a1f:l1f 0.181 6.589e-05 2.526e-07 TRUE 1
a1f:l2f 0.431 0.1146 0.03627 TRUE 1
a1f:l3f 0.1605 0.005057 0.002916 TRUE 1
a1f:l4f 0.1179 0.006735 1.781e-05 TRUE 1
a1f:l5f 0.2951 0.1375 0.004449 TRUE 1
a1f:r10f 0.1068 0.1469 TRUE 1
a1f:r4f 0.00913 1 TRUE 1
a1f:r5f 0.02972 0.6478 0.005824 TRUE 1
a1f:r8f 0.2312 1 0.1163 TRUE 1
a1f:r9f 0.5368 1 0.7202 TRUE 1
a1m:a21m 0.5888 1 0.7209 TRUE 1
a1m:a22m 0.04205 0.1176 0.1402 TRUE 1
a1m:a27m 0.05075 0.6485 0.2862 TRUE 1
a1m:a28m 0.04886 1 0.4529 TRUE 1
a1m:a29m 7.628e-13 1 8.942e-07 TRUE TRUE
a1m:a30m 0.0612 0.01097 0.000111 TRUE 1
a1m:a7m 0.02206 0.6209 1 TRUE 1
a1m:a8m 0.2128 0.01413 0.1028 TRUE 1
a1m:a9m 0.3903 1 1 TRUE 1
a1m:ADr1um 0.1554 0.5461 1 TRUE 1
a1m:bm1m 0.2752 0.6707 TRUE 1
a1m:bm2m 0.2314 1 TRUE 1
a1m:bm4m 0.988 0.3778 TRUE 1
a1m:bm5m 0.6457 1 0.02379 TRUE 1
a1m:bm6m 0.3085 1 0.3784 TRUE 1
a1m:bm7m 0.3548 1 0.282 TRUE 1
a1m:bm8m 0.2841 1 0.6718 TRUE 1
a1m:ch1m 0.7357 0.5961 TRUE 1
a1m:ch4m 0.08726 1 TRUE 1
a1m:ch5m 0.08022 0.6228 TRUE 1
a1m:ch6m 0.6034 1 TRUE 1
a1m:l1m 0.01171 0.1392 0.05058 TRUE 1
a1m:l2m 0.07776 0.4897 0.2067 TRUE 1
a1m:l3m 0.4884 0.5279 0.4759 TRUE 1
a1m:l4m 0.1641 0.7829 0.08644 TRUE 1
a1m:l5m 0.7476 0.868 0.5421 TRUE 1
a1m:r10m 0.8277 0.3574 TRUE 1
a1m:r4m 0.02744 1 TRUE 1
a1m:r5m 0.1946 0.385 0.05012 TRUE 1
a1m:r8m 0.2068 1 0.7763 TRUE 1
a1m:r9m 0.6837 1 1 TRUE 1
a21f:a22f 0.01388 0.2137 0.006669 TRUE 1
a21f:a27f 0.01782 0.6742 1 TRUE 1
a21f:a28f 0.438 1 0.4484 TRUE 1
a21f:a29f 6.64e-05 0.3075 0.001649 TRUE 1
a21f:a30f 0.8758 0.3955 0.03205 TRUE 1
a21f:a7f 0.5063 0.01109 0.1741 TRUE 1
a21f:a8f 0.04271 0.2965 0.07535 TRUE 1
a21f:a9f 0.8343 0.08174 TRUE 1
a21f:ADr1uf 0.5504 0.6216 0.1147 TRUE 1
a21f:bm1f 0.3819 1 0.6993 TRUE 1
a21f:bm2f 0.09473 1 0.1931 TRUE 1
a21f:bm4f 0.06106 0.6217 TRUE 1
a21f:bm5f 0.4874 1 0.3841 TRUE 1
a21f:bm6f 0.4694 0.1556 0.2504 TRUE 1
a21f:bm7f 0.2331 0.11 0.01779 TRUE 1
a21f:bm8f 0.6454 1 0.1379 TRUE 1
a21f:ch1f 0.6344 0.6222 TRUE 1
a21f:ch4f 0.9031 1 0.07414 0.945
a21f:ch5f 0.1219 0.6233 TRUE 1
a21f:ch6f 0.4783 1 0.661 TRUE 1
a21f:l1f 0.005922 9.935e-08 6.755e-11 TRUE 1
a21f:l2f 0.08942 0.007786 0.001 TRUE 1
a21f:l3f 0.1185 0.01794 0.01524 TRUE 1
a21f:l4f 0.1499 0.00437 3.121e-05 TRUE 1
a21f:l5f 0.1712 0.01401 0.002767 TRUE 1
a21f:r10f 0.5982 0.4661 TRUE 1
a21f:r4f 0.02115 0.6719 0.04494 0.3887
a21f:r5f 0.111 0.3539 0.0006122 TRUE 1
a21f:r8f 0.3487 0.2124 0.7987 TRUE 1
a21f:r9f 0.3039 1 1 TRUE 1
a21m:a22m 0.3332 1 0.0528 TRUE 1
a21m:a27m 0.1417 0.6403 0.5872 TRUE 1
a21m:a28m 0.3319 1 0.2627 TRUE 1
a21m:a29m 0.2076 0.1122 0.8301 TRUE 1
a21m:a30m 0.2644 0.2103 0.05259 TRUE 1
a21m:a7m 0.7233 1 0.7696 TRUE 1
a21m:a8m 0.02381 0.01496 0.01532 TRUE 1
a21m:a9m 0.8691 1 0.3162 TRUE 1
a21m:ADr1um 0.6873 1 1 TRUE 1
a21m:bm1m 0.6607 1 TRUE 1
a21m:bm2m 0.6935 0.6454 TRUE 1
a21m:bm4m 0.09256 1 TRUE 1
a21m:bm5m 0.2019 1 0.2871 TRUE 1
a21m:bm6m 0.7876 1 0.1332 TRUE 1
a21m:bm7m 0.4236 0.2146 0.2799 TRUE 1
a21m:bm8m 0.9879 1 0.651 TRUE 1
a21m:ch1m 0.928 0.2778 TRUE 1
a21m:ch4m 0.4001 1 TRUE 1
a21m:ch5m 0.4404 1 TRUE 1
a21m:ch6m 0.7373 1 TRUE 1
a21m:l1m 0.261 0.6516 0.01211 TRUE 1
a21m:l2m 0.0438 0.004727 0.002507 TRUE 1
a21m:l3m 0.1905 0.005696 0.0002148 TRUE 1
a21m:l4m 0.04732 0.005429 0.02619 TRUE 1
a21m:l5m 0.273 0.04715 0.01839 TRUE 1
a21m:r10m 0.6222 1 TRUE 1
a21m:r4m 0.4149 0.6441 TRUE 1
a21m:r5m 0.1496 0.01539 0.01436 TRUE 1
a21m:r8m 0.08682 1 0.5729 TRUE 1
a21m:r9m 0.7783 1 0.2602 TRUE 1
a22f:a27f 0.006995 1 0.6656 TRUE 1
a22f:a28f 0.001153 1 0.03539 0.006811 0.6226
a22f:a29f 0.001281 0.3591 0.001447 TRUE 1
a22f:a30f 0.003804 0.0009628 2.221e-06 TRUE 1
a22f:a7f 0.8772 0.09669 0.2208 TRUE 1
a22f:a8f 0.03176 0.08803 5.878e-05 TRUE 1
a22f:a9f 0.7174 0.1659 TRUE 1
a22f:ADr1uf 0.2576 0.1449 0.09738 TRUE 1
a22f:bm1f 0.1232 1 0.4859 TRUE 1
a22f:bm2f 0.3089 1 1 TRUE 1
a22f:bm4f 0.5059 0.1493 TRUE 1
a22f:bm5f 0.7779 0.08293 0.1909 TRUE 1
a22f:bm6f 0.2533 0.007548 0.003928 TRUE 1
a22f:bm7f 0.9676 0.003614 0.07048 TRUE 1
a22f:bm8f 0.8502 1 0.09363 TRUE 1
a22f:ch1f 0.1647 0.3572 TRUE 1
a22f:ch4f 0.9117 0.04692 0.1321 0.6522
a22f:ch5f 0.3366 0.141 TRUE 1
a22f:ch6f 0.259 0.07026 0.4252 TRUE 1
a22f:l1f 8.931e-06 4.232e-13 1.756e-18 0.5598 0.8012
a22f:l2f 0.01257 2.196e-07 4.758e-11 TRUE 1
a22f:l3f 0.04602 9.444e-09 3.731e-13 TRUE 1
a22f:l4f 0.0006802 1.347e-09 9.966e-14 TRUE 1
a22f:l5f 0.003431 5.689e-08 5.49e-08 TRUE 1
a22f:r10f 0.6285 0.1608 TRUE 1
a22f:r4f 0.8812 0.7175 TRUE 1
a22f:r5f 0.3532 0.2038 0.0153 TRUE 1
a22f:r8f 0.8343 1 0.4857 TRUE 1
a22f:r9f 0.1012 1 1 TRUE 1
a22m:a27m 0.2848 0.2095 0.4567 TRUE 1
a22m:a28m 0.1781 0.2508 1 TRUE 1
a22m:a29m 0.9677 0.1837 0.04109 TRUE 1
a22m:a30m 0.01532 0.00186 0.09961 TRUE 1
a22m:a7m 0.6397 1 0.3907 TRUE 1
a22m:a8m 0.1883 0.01487 0.1084 TRUE 1
a22m:a9m 0.6112 1 0.03185 TRUE 1
a22m:ADr1um 0.06283 0.2017 0.746 TRUE 1
a22m:bm1m 0.8419 0.2603 TRUE 1
a22m:bm2m 0.6061 1 TRUE 1
a22m:bm4m 0.977 1 0.6801 TRUE 1
a22m:bm5m 0.2879 1 0.05957 TRUE 1
a22m:bm6m 0.8331 1 0.08972 TRUE 1
a22m:bm7m 0.2998 1 0.6076 TRUE 1
a22m:bm8m 0.8307 1 0.7202 TRUE 1
a22m:ch1m 0.7425 0.1047 TRUE 1
a22m:ch4m 0.5834 0.3361 TRUE 1
a22m:ch5m 0.8147 0.6325 TRUE 1
a22m:ch6m 0.5833 1 TRUE 1
a22m:l1m 0.0006469 0.002211 1.175e-05 TRUE 1
a22m:l2m 0.9193 0.00259 2.354e-05 TRUE 1
a22m:l3m 0.07032 0.0009068 1.89e-07 TRUE 1
a22m:l4m 0.06911 7.16e-07 4.555e-05 TRUE 1
a22m:l5m 0.03757 0.2481 0.003999 TRUE 1
a22m:r10m 0.4469 0.3797 TRUE 1
a22m:r4m 0.04796 0.6653 TRUE 1
a22m:r5m 0.03476 0.000296 0.01244 TRUE 1
a22m:r8m 0.1323 1 0.7884 TRUE 1
a22m:r9m 0.5967 1 1 TRUE 1
a27f:a28f 4.969e-69 0.002428 3.432e-07 8.327e-94 TRUE
a27f:a29f 0.7038 0.2063 0.453 0.08155 0.9266
a27f:a30f 0.1158 0.6093 0.5319 0.5981 0.7945
a27f:a7f 0.3027 1 1 0.2176 0.8472
a27f:a8f 0.0001873 7.941e-22 8.285e-25 1.708e-30 0.1767
a27f:a9f 0.3309 1 0.04027 1
a27f:ADr1uf 0.2927 1 0.6452 0.009038 0.8341
a27f:bm1f 0.8061 0.04473 0.3672 0.1329 0.8214
a27f:bm2f 0.4956 0.1179 0.06357 0.7039
a27f:bm4f 0.1537 1 0.003705 0.54
a27f:bm5f 0.5999 0.03591 0.0001239 0.007163 1
a27f:bm6f 0.1895 0.3403 0.6716 0.07 0.6182
a27f:bm7f 0.3283 0.3279 0.6684 0.2624 0.8201
a27f:bm8f 0.9468 1 1 0.001422 0.8429
a27f:ch1f 0.3786 0.3357 TRUE 1
a27f:ch4f 0.1502 1 0.003412 0.8148
a27f:ch5f 0.1341 1 0.02564 0.4922
a27f:ch6f 1 1 0.3947 0.09582 1
a27f:l1f 0.009053 1.986e-07 4.058e-05 9.284e-10 0.4314
a27f:l2f 0.01803 7.967e-06 5.837e-08 4.441e-13 0.6901
a27f:l3f 0.003713 1.273e-05 1.807e-10 1.365e-16 0.9932
a27f:l4f 0.001254 9.717e-13 3.747e-14 2.063e-25 0.1548
a27f:l5f 0.004131 1.265e-07 4.312e-09 2.684e-12 0.1478
a27f:r10f 0.8079 1 0.08239 0.6597
a27f:r4f 0.4151 0.4472 0.03899 0.3729
a27f:r5f 0.7885 0.6093 0.0149 0.01307 0.6133
a27f:r8f 0.06753 1 1 0.1137 0.8092
a27f:r9f 0.6745 1 0.5888 0.1584 0.7013
a27m:a28m 2.207e-55 0.02166 9.521e-09 4.676e-77 TRUE
a27m:a29m 0.3266 1 0.5475 TRUE 1
a27m:a30m 0.4064 0.477 0.007563 0.5003 0.8209
a27m:a7m 0.08033 0.01736 0.005882 0.6979 0.9797
a27m:a8m 3.45e-05 4.744e-40 1.207e-31 2.015e-49 0.001018
a27m:a9m 0.4186 1 1 TRUE 1
a27m:ADr1um 0.5943 0.3294 0.5885 TRUE 1
a27m:bm1m 0.7374 0.2029 TRUE 1
a27m:bm2m 1 1 0.05122 0.2361
a27m:bm4m 0.01546 0.3883 0.04482 0.2117
a27m:bm5m 0.9303 1 1 0.01198 0.1509
a27m:bm6m 0.1653 1 0.0006675 TRUE 1
a27m:bm7m 0.9647 1 0.2105 0.01332 0.4065
a27m:bm8m 0.0006291 1 0.05409 0.0005659 0.9706
a27m:ch1m 0.4961 0.2002 0.003505 0.1649
a27m:ch4m 0.6722 1 0.07055 0.586
a27m:ch5m 0.6483 1 0.02101 0.6967
a27m:ch6m 0.6851 1 0.2136 0.5891
a27m:l1m 0.01216 9.005e-07 8.875e-08 5.64e-07 0.1832
a27m:l2m 0.002179 0.0001301 1.219e-06 1.865e-13 9.452e-08
a27m:l3m 0.007425 0.0001491 1.405e-06 8.446e-11 2.253e-08
a27m:l4m 0.004982 1.365e-07 7.611e-06 6.746e-10 0.461
a27m:l5m 0.04993 0.00367 0.001132 1.697e-06 0.9636
a27m:r10m 0.4789 1 TRUE 1
a27m:r4m 0.02265 1 0.02404 1
a27m:r5m 0.6715 0.2707 0.1813 TRUE 1
a27m:r8m 0.6395 1 0.4105 0.05831 0.8181
a27m:r9m 0.3081 1 1 0.07251 0.832
a28f:a29f 0.8378 0.2585 0.02348 TRUE 1
a28f:a30f 0.03247 0.08012 0.8469 TRUE 1
a28f:a7f 0.479 1 1 TRUE 1
a28f:a8f 0.014 8.373e-09 1.347e-15 8.658e-17 0.4638
a28f:a9f 0.3978 1 TRUE 1
a28f:ADr1uf 0.6109 1 0.2096 TRUE 1
a28f:bm1f 0.02093 1 0.5326 TRUE 1
a28f:bm2f 0.1334 0.4882 TRUE 1
a28f:bm4f 0.9176 0.06547 TRUE 1
a28f:bm5f 0.9837 1 0.04135 TRUE 1
a28f:bm6f 0.663 1 0.6942 TRUE 1
a28f:bm7f 0.5771 0.3758 0.09606 TRUE 1
a28f:bm8f 0.3232 1 1 TRUE 1
a28f:ch1f 0.3 1 TRUE 1
a28f:ch4f 0.6486 1 TRUE 1
a28f:ch5f 0.6159 1 TRUE 1
a28f:ch6f 0.07247 1 0.4588 TRUE 1
a28f:l1f 9.4e-05 1.979e-07 3.428e-08 TRUE 1
a28f:l2f 0.06446 0.000509 2.574e-06 TRUE 1
a28f:l3f 0.007307 5.733e-05 3.361e-07 TRUE 1
a28f:l4f 5.545e-06 1.752e-13 1.115e-21 TRUE 1
a28f:l5f 0.003704 4.305e-06 1.551e-08 TRUE 1
a28f:r10f 0.002855 0.3774 TRUE 1
a28f:r4f 0.4147 0.4939 TRUE 1
a28f:r5f 0.7141 1 0.1092 TRUE 1
a28f:r8f 0.3148 1 1 TRUE 1
a28f:r9f 0.6779 1 0.6235 TRUE 1
a28m:a29m 0.03508 1 0.2255 TRUE 1
a28m:a30m 0.2472 0.4615 0.005571 TRUE 1
a28m:a7m 0.1018 0.4602 0.0977 TRUE 1
a28m:a8m 0.004294 1.602e-12 2.459e-16 2.01e-20 0.727
a28m:a9m 0.4976 1 0.637 TRUE 1
a28m:ADr1um 0.2767 0.3286 0.214 TRUE 1
a28m:bm1m 0.8753 1 TRUE 1
a28m:bm2m 0.6326 0.3845 TRUE 1
a28m:bm4m 0.9276 0.3912 TRUE 1
a28m:bm5m 0.315 0.04438 0.5966 TRUE 1
a28m:bm6m 0.685 1 0.4024 TRUE 1
a28m:bm7m 0.826 1 1 TRUE 1
a28m:bm8m 0.591 0.127 0.3347 TRUE 1
a28m:ch1m 0.6353 1 TRUE 1
a28m:ch4m 0.4397 0.268 TRUE 1
a28m:ch5m 0.09616 0.3338 TRUE 1
a28m:ch6m 0.3639 1 TRUE 1
a28m:l1m 0.000225 4.536e-11 1.791e-11 2.261e-16 0.009433
a28m:l2m 0.05536 0.0007524 0.0006968 TRUE 1
a28m:l3m 0.03484 0.009155 0.01261 TRUE 1
a28m:l4m 2.495e-06 1.515e-08 3.366e-10 TRUE 1
a28m:l5m 0.07689 0.07373 0.004394 TRUE 1
a28m:r10m 0.8293 0.1721 TRUE 1
a28m:r4m 0.9116 0.09593 TRUE 1
a28m:r5m 0.459 0.7238 0.1049 TRUE 1
a28m:r8m 0.9667 1 0.2372 TRUE 1
a28m:r9m 0.2725 1 0.4658 TRUE 1
a29f:a30f 6.89e-07 3.466e-06 2.531e-09 TRUE 1
a29f:a7f 0.2756 0.3258 0.8043 TRUE 1
a29f:a8f 1.138e-05 0.007874 8.788e-08 TRUE 1
a29f:a9f 0.08578 0.001359 TRUE 1
a29f:ADr1uf 0.9019 0.3754 0.7817 0.4029 0.965
a29f:bm1f 0.2869 1 0.4788 TRUE 1
a29f:bm2f 1 1 1 TRUE 1
a29f:bm4f 0.827 0.155 TRUE 1
a29f:bm5f 0.5502 0.4183 1 TRUE 1
a29f:bm6f 0.5459 0.009121 0.005728 0.0002678 0.9133
a29f:bm7f 0.2631 0.004181 0.007813 0.01311 0.3662
a29f:bm8f 0.8383 1 0.1741 TRUE 1
a29f:ch1f 0.2132 0.02975 TRUE 1
a29f:ch4f 0.1699 0.3955 TRUE 1
a29f:ch5f 0.912 0.3946 TRUE 1
a29f:ch6f 0.8263 1 0.2568 TRUE 1
a29f:l1f 1.036e-06 0.001819 1.46e-10 TRUE 1
a29f:l2f 0.02239 0.001079 8.992e-05 TRUE 1
a29f:l3f 0.00302 0.0007425 0.0002665 TRUE 1
a29f:l4f 1.149e-10 9.442e-05 1.067e-13 TRUE 1
a29f:l5f 0.01146 1.244e-05 3.496e-05 TRUE 1
a29f:r10f 0.04047 0.1557 TRUE 1
a29f:r4f 3.188e-11 0.1645 TRUE TRUE
a29f:r5f 0.01029 0.06941 5e-07 TRUE 1
a29f:r8f 0.1501 0.2659 0.02958 TRUE 1
a29f:r9f 0.4475 1 1 TRUE 1
a29m:a30m 6.692e-07 2.491e-06 1.399e-14 TRUE 1
a29m:a7m 0.4999 1 1 TRUE 1
a29m:a8m 0.0002633 0.0005774 0.00234 TRUE 1
a29m:a9m 0.006465 1 0.003177 TRUE 1
a29m:ADr1um 0.5768 0.0007061 0.003745 TRUE 1
a29m:bm1m 0.9659 0.1138 TRUE 1
a29m:bm2m 0.1895 0.4037 TRUE 1
a29m:bm4m 0.6209 0.1689 TRUE 1
a29m:bm5m 0.9006 0.06869 0.7397 TRUE 1
a29m:bm6m 0.004203 0.1907 0.2736 TRUE 1
a29m:bm7m 0.1012 0.2479 0.07345 TRUE 1
a29m:bm8m 0.5794 0.2415 0.005199 TRUE 1
a29m:ch1m 0.1213 0.2886 TRUE 1
a29m:ch4m 0.6981 1 TRUE 1
a29m:ch5m 0.4177 0.6381 TRUE 1
a29m:ch6m 0.9885 0.3825 TRUE 1
a29m:l1m 0.02575 0.0005638 0.0001138 TRUE 1
a29m:l2m 0.03933 0.0005831 0.0004646 TRUE 1
a29m:l3m 0.08786 0.0001341 5.849e-06 TRUE 1
a29m:l4m 3.563e-06 5.031e-05 1.992e-09 TRUE 1
a29m:l5m 0.1371 5.699e-05 5.638e-05 TRUE 1
a29m:r10m 0.5082 1 TRUE 1
a29m:r4m 0.1845 0.1859 TRUE 1
a29m:r5m 0.01442 0.1098 1.556e-05 TRUE 1
a29m:r8m 0.05894 1 1 TRUE 1
a29m:r9m 0.9234 0.1931 1 TRUE 1
a30f:a7f 0.005508 0.08747 0.01983 TRUE 1
a30f:a8f 3.269e-06 0.02061 1.892e-05 3.792e-07 0.1075
a30f:a9f 0.01295 0.154 TRUE TRUE
a30f:ADr1uf 0.6884 1 1 0.1274 0.2704
a30f:bm1f 0.8874 1 1 TRUE 1
a30f:bm2f 0.1611 1 0.1933 0.02535 0.6441
a30f:bm4f 0.1715 0.1067 TRUE 1
a30f:bm5f 0.2834 1 0.03051 TRUE 1
a30f:bm6f 0.7799 0.03731 0.1706 TRUE 1
a30f:bm7f 0.3364 0.1527 0.2763 TRUE 1
a30f:bm8f 0.7158 1 0.1569 TRUE 1
a30f:ch1f 0.114 0.1091 TRUE 1
a30f:ch4f 0.0697 0.6361 TRUE 1
a30f:ch5f 0.6119 0.6273 TRUE 1
a30f:ch6f 0.1466 1 0.6996 TRUE 1
a30f:l1f 6.561e-09 0.0001189 2.559e-12 1.425e-23 0.0291
a30f:l2f 0.05972 0.0005141 5.742e-05 0.0001748 0.1629
a30f:l3f 0.04172 0.001745 1.189e-06 TRUE 1
a30f:l4f 9.851e-09 2.278e-08 4.403e-15 3.303e-26 0.00335
a30f:l5f 0.0007303 0.000601 9.345e-06 TRUE 1
a30f:r10f 0.03426 0.5485 1.043e-07 0.03057
a30f:r4f 0.1564 0.03574 TRUE 1
a30f:r5f 0.007059 0.0171 2.988e-06 6.085e-09 0.0009506
a30f:r8f 0.3289 0.02798 1.598e-05 0.05361 0.6433
a30f:r9f 0.7903 1 0.05131 TRUE 1
a30m:a7m 0.08142 0.3144 1 TRUE 1
a30m:a8m 8.569e-05 0.0001646 0.002242 TRUE 1
a30m:a9m 0.000653 0.01474 0.004212 0.03545 0.704
a30m:ADr1um 0.6091 1 0.7335 TRUE 1
a30m:bm1m 0.7278 0.1163 TRUE 1
a30m:bm2m 0.5853 0.6719 TRUE 1
a30m:bm4m 0.07663 1 TRUE 1
a30m:bm5m 0.7209 0.06536 0.03151 TRUE 1
a30m:bm6m 0.2232 0.1831 0.1513 TRUE 1
a30m:bm7m 0.4457 0.2339 0.01577 TRUE 1
a30m:bm8m 0.7493 1 0.4104 TRUE 1
a30m:ch1m 0.6745 0.3178 TRUE 1
a30m:ch4m 0.4773 1 TRUE 1
a30m:ch5m 0.01242 0.1221 TRUE 1
a30m:ch6m 0.4622 0.03211 TRUE 1
a30m:l1m 2.55e-11 1.436e-06 3.24e-17 1.137e-28 0.4633
a30m:l2m 0.4868 4.105e-05 2.83e-05 TRUE 1
a30m:l3m 0.02812 2.69e-05 7.004e-06 TRUE 1
a30m:l4m 2.653e-07 0.005136 1.071e-07 1.115e-16 0.0205
a30m:l5m 0.2008 0.01662 0.0007624 TRUE 1
a30m:r10m 0.1205 1 TRUE TRUE
a30m:r4m 0.1485 1 TRUE 1
a30m:r5m 1.425e-05 1.164e-06 1.671e-08 TRUE 1
a30m:r8m 0.1777 0.1285 0.004593 TRUE 1
a30m:r9m 0.2267 1 0.7202 TRUE 1
a7f:a8f 0.9165 1 0.07024 TRUE 1
a7f:a9f 0.6656 0.4012 0.07076 0.4122
a7f:ADr1uf 1 0.6066 0.7348 0.01836 1
a7f:bm1f 0.3605 1 0.4031 0.01537 0.4504
a7f:bm2f 0.2652 1 1 TRUE 1
a7f:bm4f 0.6301 0.5976 TRUE 1
a7f:bm5f 0.5467 1 1 0.01907 0.3452
a7f:bm6f 0.2706 0.0118 0.0002402 0.05557 0.8918
a7f:bm7f 0.6277 0.001075 0.00439 0.6715 1
a7f:bm8f 0.8345 1 0.08899 TRUE 1
a7f:ch1f 0.3867 0.5574 TRUE 1
a7f:ch4f 0.5997 0.6074 TRUE 1
a7f:ch5f 0.7157 1 TRUE 1
a7f:ch6f 0.562 1 0.1507 TRUE 1
a7f:l1f 0.2311 0.002357 0.003634 1.779e-07 0.01823
a7f:l2f 0.05707 0.01821 0.01153 TRUE 1
a7f:l3f 0.3522 0.01994 0.0004491 TRUE 1
a7f:l4f 0.01844 0.000918 0.009575 1.215e-09 0.02939
a7f:l5f 0.7617 0.1545 0.06318 TRUE 1
a7f:r10f 0.9824 0.3835 0.03853 0.2511
a7f:r4f 0.7733 0.398 0.04162 0.9406
a7f:r5f 0.08125 0.3034 0.1071 0.007029 0.7587
a7f:r8f 0.5063 1 0.07849 0.02555 0.629
a7f:r9f 0.9487 1 1 0.2722 0.988
a7m:a8m 0.2881 0.2053 0.007335 0.09125 0.8736
a7m:a9m 0.7247 1 1 0.362 0.9786
a7m:ADr1um 0.4146 0.4807 1 TRUE 1
a7m:bm1m 0.6913 0.6492 TRUE 1
a7m:bm2m 0.1808 0.3421 0.4968 0.952
a7m:bm4m 0.1187 1 0.46 0.7503
a7m:bm5m 0.1809 1 1 0.06155 0.3679
a7m:bm6m 0.861 1 1 TRUE 1
a7m:bm7m 0.4435 1 0.2307 0.0389 0.8438
a7m:bm8m 0.9354 1 1 TRUE 1
a7m:ch1m 0.5023 0.05637 0.1156 1
a7m:ch4m 0.7225 0.07113 TRUE 1
a7m:ch5m 0.3464 0.6234 0.01301 0.4867
a7m:ch6m 0.7738 0.2893 TRUE 1
a7m:l1m 0.1493 0.006921 0.0008687 3.627e-09 0.9689
a7m:l2m 0.08832 0.03913 0.01635 TRUE 1
a7m:l3m 0.1288 0.001316 1.279e-05 TRUE 1
a7m:l4m 0.08646 0.006734 2.877e-06 0.0004126 0.2639
a7m:l5m 0.06797 0.0006141 0.0002001 TRUE 1
a7m:r10m 0.8977 1 TRUE 1
a7m:r4m 0.544 1 0.04729 0.5898
a7m:r5m 0.4293 0.02832 0.0295 0.0001014 0.2493
a7m:r8m 0.5224 1 0.3713 TRUE 1
a7m:r9m 0.7982 1 1 TRUE 1
a8f:a9f 0.09412 0.07697 0.0009383 0.6391
a8f:ADr1uf 0.05256 0.00254 0.008419 0.001928 0.4717
a8f:bm1f 0.1102 1 0.3086 0.00211 0.8718
a8f:bm2f 0.5731 1 1 0.0389 0.8184
a8f:bm4f 0.3139 1 0.008158 0.8296
a8f:bm5f 0.6425 1 0.8057 0.04612 0.5832
a8f:bm6f 0.8957 0.1779 0.06374 0.05971 0.9684
a8f:bm7f 0.8036 0.03687 0.07216 0.00219 0.4959
a8f:bm8f 0.9051 1 0.3247 0.04943 0.3703
a8f:ch1f 0.4795 0.6452 0.04049 0.2294
a8f:ch4f 0.7398 0.6632 0.0144 0.8805
a8f:ch5f 0.7189 0.6524 0.07906 0.8139
a8f:ch6f 0.8223 1 0.7184 0.1025 0.2805
a8f:l1f 1.962e-42 9.835e-58 2.896e-102 1.787e-129 TRUE
a8f:l2f 1.184e-06 7.396e-20 1.804e-26 6.163e-39 1.1e-06
a8f:l3f 4.114e-08 6.819e-22 1.682e-27 5.363e-38 0.6799
a8f:l4f 1.556e-41 3.46e-80 7.959e-114 2.334e-146 TRUE
a8f:l5f 1.559e-14 3.644e-25 7.763e-30 3.532e-46 0.0008869
a8f:r10f 0.9579 0.1976 0.009074 0.4327
a8f:r4f 0.9592 0.7215 0.0008327 0.8708
a8f:r5f 0.01925 0.2433 0.0004278 0.001911 0.8773
a8f:r8f 0.03291 1 0.1706 0.0004218 0.8407
a8f:r9f 0.08474 1 1 4.932e-05 0.9458
a8m:a9m 0.006655 1 0.08832 1.535e-09 0.507
a8m:ADr1um 0.6122 0.0001873 0.0002855 0.007598 0.3137
a8m:bm1m 0.792 0.07054 0.01843 0.6857
a8m:bm2m 0.3112 1 0.001248 0.8643
a8m:bm4m 0.3713 1 0.7188 0.03243 0.8666
a8m:bm5m 0.3725 0.0769 0.5706 0.04118 0.9793
a8m:bm6m 0.4453 1 0.6012 0.04059 0.9562
a8m:bm7m 0.06266 1 0.01529 0.009199 0.1059
a8m:bm8m 0.937 0.2765 0.7355 0.03787 0.5834
a8m:ch1m 0.6193 0.6463 0.008602 0.5233
a8m:ch4m 0.6923 0.05159 0.09234 0.6777
a8m:ch5m 0.905 0.3976 0.002377 0.9651
a8m:ch6m 0.6995 1 0.01302 0.7611
a8m:l1m 4.535e-42 1.124e-68 1.813e-104 9.039e-135 TRUE
a8m:l2m 5.259e-12 4.442e-23 1.615e-38 2.33e-45 0.007989
a8m:l3m 1.668e-13 3.733e-25 1.08e-30 5.472e-44 0.2065
a8m:l4m 2.263e-45 3.566e-88 1.837e-121 6.215e-148 TRUE
a8m:l5m 1.164e-08 2.444e-26 1.473e-32 4.885e-39 0.7273
a8m:r10m 0.8379 0.4588 0.00972 0.1833
a8m:r4m 0.4402 0.7049 0.002823 0.5139
a8m:r5m 0.005617 0.02373 7.348e-05 4.49e-11 0.5746
a8m:r8m 0.3014 1 0.6257 0.0001369 0.5088
a8m:r9m 0.8622 1 0.2994 0.007304 0.9398
a9f:ADr1uf 0.3889 0.5512 0.7352 TRUE 1
a9f:bm1f 0.5757 1 0.328 TRUE 1
a9f:bm2f 0.07541 1 TRUE 1
a9f:bm4f 0.8284 0.6207 TRUE 1
a9f:bm5f 0.7943 1 0.02583 TRUE 1
a9f:bm6f 0.7174 0.5232 1 TRUE 1
a9f:bm7f 0.4404 0.1173 0.2169 TRUE 1
a9f:bm8f 0.6656 1 0.109 TRUE 1
a9f:ch1f 0.6464 0.6128 TRUE 1
a9f:ch4f 0.1507 1 TRUE 1
a9f:ch5f 0.3694 0.5839 TRUE 1
a9f:ch6f 0.3959 1 0.6257 TRUE 1
a9f:l1f 0.6772 0.58 0.8448 TRUE 1
a9f:l2f 0.8014 0.2353 0.6974 TRUE 1
a9f:l3f 0.5204 0.7351 0.7996 TRUE 1
a9f:l4f 0.01894 0.509 0.1784 TRUE 1
a9f:l5f 0.5964 0.5455 0.465 TRUE 1
a9f:r10f 8.435e-12 0.1245 TRUE TRUE
a9f:r4f 0.3261 0.01818 TRUE 1
a9f:r5f 0.7849 0.007433 0.003385 TRUE 1
a9f:r8f 0.3066 1 0.08515 TRUE 1
a9f:r9f 0.6362 1 1 TRUE 1
a9m:ADr1um 0.9732 1 1 TRUE 1
a9m:bm1m 0.3523 0.1689 TRUE 1
a9m:bm2m 1 0.2697 TRUE TRUE
a9m:bm4m 0.4587 0.1112 TRUE 1
a9m:bm5m 0.1756 1 0.03525 TRUE 1
a9m:bm6m 0.2497 0.1694 0.02126 TRUE 1
a9m:bm7m 0.2688 0.1732 0.003591 TRUE 1
a9m:bm8m 0.6719 1 0.6241 TRUE 1
a9m:ch1m 0.4671 0.5094 TRUE 1
a9m:ch4m 0.8582 0.1944 TRUE 1
a9m:ch5m 0.5315 0.5912 TRUE 1
a9m:ch6m 0.4358 0.2318 TRUE 1
a9m:l1m 0.009577 0.04588 0.003247 TRUE 1
a9m:l2m 0.3862 0.4644 0.1232 TRUE 1
a9m:l3m 0.7826 0.05317 0.06268 TRUE 1
a9m:l4m 0.18 0.0001476 2.491e-05 TRUE 1
a9m:l5m 0.06347 0.09492 0.1212 TRUE 1
a9m:r10m 1.048e-13 1 TRUE TRUE
a9m:r4m 0.006753 0.2544 TRUE 1
a9m:r5m 0.002493 3.298e-05 8.477e-05 TRUE 1
a9m:r8m 0.04442 0.1192 0.2186 TRUE 1
a9m:r9m 0.8181 1 0.6494 TRUE 1
ADr1uf:bm1f 0.4622 1 0.6592 0.0419 0.9615
ADr1uf:bm2f 0.4489 1 1 TRUE 1
ADr1uf:bm4f 0.4925 1 TRUE 1
ADr1uf:bm5f 0.7258 0.04501 0.062 0.009464 0.8445
ADr1uf:bm6f 0.6565 1 0.7434 0.2001 0.676
ADr1uf:bm7f 0.1924 0.3834 1 0.2572 1
ADr1uf:bm8f 0.4453 1 0.4188 0.132 0.5034
ADr1uf:ch1f 0.5796 1 0.008172 0.9353
ADr1uf:ch4f 0.83 1 TRUE 1
ADr1uf:ch5f 0.9212 0.2419 0.003878 0.06973
ADr1uf:ch6f 0.4904 1 1 TRUE 1
ADr1uf:l1f 0.01797 1.009e-05 9.812e-06 1.356e-15 0.9489
ADr1uf:l2f 0.04304 2.198e-10 8.662e-09 2.234e-30 0.5051
ADr1uf:l3f 0.04274 1.173e-13 1.287e-09 4.886e-36 2.01e-11
ADr1uf:l4f 0.1765 8.842e-06 2.611e-05 7.895e-17 0.5466
ADr1uf:l5f 0.06703 3.182e-11 9.996e-10 1.444e-33 2.065e-05
ADr1uf:r10f 0.6137 0.09011 0.7249 0.9769
ADr1uf:r4f 0.5087 0.3913 0.1731 0.7882
ADr1uf:r5f 0.947 0.08829 0.2819 TRUE 1
ADr1uf:r8f 0.43 1 0.5705 TRUE 1
ADr1uf:r9f 0.3474 1 0.6795 0.01133 1
ADr1um:bm1m 0.6775 0.6388 TRUE 1
ADr1um:bm2m 0.4927 0.6304 0.03636 0.6054
ADr1um:bm4m 0.716 0.6245 TRUE 1
ADr1um:bm5m 0.9079 0.04727 0.1033 0.04105 0.5906
ADr1um:bm6m 0.6915 1 0.1876 0.02517 0.6637
ADr1um:bm7m 0.3894 0.1828 0.1341 0.04009 0.8499
ADr1um:bm8m 0.5334 1 0.3847 0.5779 0.7986
ADr1um:ch1m 0.1712 0.5408 TRUE 1
ADr1um:ch4m 0.9338 1 TRUE 1
ADr1um:ch5m 0.3493 0.6229 0.5721 1
ADr1um:ch6m 0.906 1 TRUE 1
ADr1um:l1m 0.2959 6.247e-05 7.386e-05 2.109e-18 0.02537
ADr1um:l2m 0.0806 1.54e-07 4.682e-05 6.77e-26 2.446e-06
ADr1um:l3m 0.01182 3.338e-06 0.000356 4.287e-26 1.04e-08
ADr1um:l4m 0.5187 1.268e-05 0.0001235 1.092e-17 0.8372
ADr1um:l5m 0.2485 2.05e-07 3.573e-06 2.261e-27 1.77e-21
ADr1um:r10m 0.4955 0.0423 0.06643 0.8952
ADr1um:r4m 0.2463 1 TRUE 1
ADr1um:r5m 0.7935 0.02049 0.03244 0.2599 0.9208
ADr1um:r8m 0.5086 0.09068 0.7513 TRUE 1
ADr1um:r9m 0.2665 0.1368 1 0.002935 0.5554
bm1f:bm2f 0.732 1 1 TRUE 1
bm1f:bm4f 0.6625 0.3056 TRUE 1
bm1f:bm5f 0.7452 1 0.1261 TRUE 1
bm1f:bm6f 0.03134 0.5009 0.5465 TRUE 1
bm1f:bm7f 0.004462 0.1011 0.5715 TRUE 1
bm1f:bm8f 0.567 1 0.4406 TRUE 1
bm1f:ch1f 0.4644 0.2296 TRUE 1
bm1f:ch4f 0.4508 0.6229 TRUE 1
bm1f:ch5f 1 0.6221 TRUE 1
bm1f:ch6f 0.9486 1 0.3998 TRUE 1
bm1f:l1f 0.5144 0.4869 0.6229 TRUE 1
bm1f:l2f 0.9319 0.0743 0.02676 TRUE 1
bm1f:l3f 0.7362 0.02182 0.1047 TRUE 1
bm1f:l4f 0.515 0.01069 0.07311 TRUE 1
bm1f:l5f 0.1552 0.3847 0.09257 TRUE 1
bm1f:r10f 0.9826 1 TRUE 1
bm1f:r4f 0.4957 0.3427 TRUE 1
bm1f:r5f 0.7803 1 0.7254 TRUE 1
bm1f:r8f 0.9269 1 0.7778 TRUE 1
bm1f:r9f 0.2453 1 0.6738 TRUE 1
bm1m:bm2m 0.02925 0.6503 TRUE 1
bm1m:bm4m 0.4754 1 1 TRUE 1
bm1m:bm5m 0.8665 1 0.7328 TRUE 1
bm1m:bm6m 0.0114 1 0.1349 TRUE 1
bm1m:bm7m 0.4612 1 0.09923 TRUE 1
bm1m:bm8m 0.9874 1 1 TRUE 1
bm1m:ch1m 0.2084 1 TRUE 1
bm1m:ch4m 0.4514 0.2662 TRUE 1
bm1m:ch5m 0.3013 1 TRUE 1
bm1m:ch6m 0.6309 0.6223 TRUE 1
bm1m:l1m 0.6924 0.07034 0.08755 TRUE 1
bm1m:l2m 0.8412 0.8867 0.9136 TRUE 1
bm1m:l3m 0.04835 0.4281 0.4258 TRUE 1
bm1m:l4m 0.6085 0.8864 1 TRUE 1
bm1m:l5m 0.7039 0.9311 0.6119 TRUE 1
bm1m:r10m 0.02781 0.3275 TRUE 1
bm1m:r4m 0.4334 0.6288 TRUE 1
bm1m:r5m 0.418 1 0.9038 TRUE 1
bm1m:r8m 0.5965 1 1 TRUE 1
bm1m:r9m 0.1056 1 0.6791 TRUE 1
bm2f:bm4f 0.6766 0.6263 TRUE 1
bm2f:bm5f 0.807 0.3208 0.3748 TRUE 1
bm2f:bm6f 0.2706 0.4782 0.2086 TRUE 1
bm2f:bm7f 0.3254 0.424 0.5641 TRUE 1
bm2f:bm8f 0.3032 0.1088 0.01405 TRUE 1
bm2f:ch1f 0.7871 0.2304 TRUE 1
bm2f:ch4f 0.009564 0.6241 TRUE 1
bm2f:ch5f 0.7942 0.07316 TRUE 1
bm2f:ch6f 0.4914 1 1 TRUE TRUE
bm2f:l1f 0.7761 0.02081 0.1789 TRUE 1
bm2f:l2f 0.4443 0.03016 0.02855 TRUE 1
bm2f:l3f 0.6036 1 0.3502 TRUE 1
bm2f:l4f 0.137 0.1251 0.1992 TRUE 1
bm2f:l5f 0.5506 0.1236 0.274 TRUE 1
bm2f:r10f 0.7621 0.4194 TRUE 1
bm2f:r4f 0.9875 0.1238 TRUE 1
bm2f:r5f 0.2157 1 0.3777 TRUE 1
bm2f:r8f 0.5019 1 0.2645 TRUE 1
bm2f:r9f 0.4805 1 0.6806 TRUE 1
bm2m:bm4m 0.6153 1 1 TRUE 1
bm2m:bm5m 0.8775 1 0.2965 TRUE 1
bm2m:bm6m 0.3676 1 1 TRUE 1
bm2m:bm7m 0.902 1 0.5854 TRUE 1
bm2m:bm8m 0.1883 1 0.4278 TRUE 1
bm2m:ch1m 0.8727 0.2064 TRUE 1
bm2m:ch4m 0.8969 1 TRUE 1
bm2m:ch5m 0.5551 1 TRUE 1
bm2m:ch6m 0.9745 1 TRUE 1
bm2m:l1m 1 0.736 0.9238 TRUE 1
bm2m:l2m 0.7824 0.5146 0.8256 TRUE 1
bm2m:l3m 0.5222 0.04863 0.1378 TRUE 1
bm2m:l4m 0.9889 0.2488 0.6811 TRUE 1
bm2m:l5m 0.6937 0.3436 0.9496 TRUE 1
bm2m:r10m 0.2138 1 TRUE 1
bm2m:r4m 0.9126 1 TRUE 1
bm2m:r5m 0.4051 1 0.5408 TRUE 1
bm2m:r8m 0.6734 1 0.3794 TRUE 1
bm2m:r9m 0.3572 1 0.2243 TRUE 1
bm4f:bm5f 0.6149 0.3218 0.7706 TRUE 1
bm4f:bm6f 0.6205 0.1307 1 TRUE 1
bm4f:bm7f 0.8911 0.4311 1 TRUE 1
bm4f:bm8f 0.515 1 0.4396 TRUE 1
bm4f:ch1f 0.3891 1 TRUE 1
bm4f:ch4f 0.3009 1 TRUE 1
bm4f:ch5f 0.6298 0.2713 TRUE 1
bm4f:ch6f 0.7351 1 0.6465 TRUE 1
bm4f:l1f 0.7878 0.3452 0.3164 TRUE 1
bm4f:l2f 0.9084 0.7193 0.5133 TRUE 1
bm4f:l3f 0.3388 1 0.6893 TRUE TRUE
bm4f:l4f 0.9335 0.77 0.4107 TRUE 1
bm4f:l5f 0.9315 0.8827 0.8253 TRUE 1
bm4f:r10f 0.6541 0.09973 TRUE 1
bm4f:r4f 0.1351 0.6328 TRUE 1
bm4f:r5f 0.6318 0.302 0.01154 TRUE 1
bm4f:r8f 0.657 0.1951 0.3949 TRUE 1
bm4f:r9f 0.7316 1 0.6831 TRUE 1
bm4m:bm5m 0.3972 1 0.4945 TRUE 1
bm4m:bm6m 0.8648 1 0.3704 TRUE 1
bm4m:bm7m 0.9494 1 0.7743 TRUE 1
bm4m:bm8m 0.5383 0.1917 0.0264 TRUE 1
bm4m:ch1m 0.3701 1 TRUE 1
bm4m:ch4m 0.9615 1 TRUE 1
bm4m:ch5m 0.7399 0.6035 TRUE 1
bm4m:ch6m 0.9603 1 TRUE 1
bm4m:l1m 0.2291 0.7837 0.4086 TRUE 1
bm4m:l2m 0.8483 0.8835 0.07447 TRUE 1
bm4m:l3m 0.6213 0.8406 0.3125 TRUE 1
bm4m:l4m 0.9554 0.9424 0.7185 TRUE 1
bm4m:l5m 0.5362 0.4861 0.2779 TRUE 1
bm4m:r10m 0.1085 0.3026 TRUE 1
bm4m:r4m 0.7788 0.1117 TRUE 1
bm4m:r5m 0.7446 0.3647 0.06049 TRUE 1
bm4m:r8m 0.08616 1 0.7701 TRUE 1
bm4m:r9m 0.3762 1 0.08127 TRUE 1
bm5f:bm6f 4.682e-105 1.832e-06 6.827e-10 6.97e-198 TRUE
bm5f:bm7f 1.241e-112 8.264e-05 1.523e-07 2.697e-168 TRUE
bm5f:bm8f 0.01723 0.1157 0.06088 TRUE 1
bm5f:ch1f 0.667 0.621 TRUE 1
bm5f:ch4f 0.7893 0.3127 TRUE 1
bm5f:ch5f 0.2588 0.6242 TRUE 1
bm5f:ch6f 0.1068 1 0.6632 TRUE 1
bm5f:l1f 0.2 0.01925 1.012e-05 TRUE 1
bm5f:l2f 0.2467 0.009421 8.329e-05 TRUE 1
bm5f:l3f 0.05203 6.94e-05 2.399e-07 TRUE 1
bm5f:l4f 0.2274 0.0003531 8.883e-07 TRUE 1
bm5f:l5f 0.01559 0.005063 0.0001592 TRUE 1
bm5f:r10f 0.9835 1 TRUE 1
bm5f:r4f 0.4404 1 TRUE 1
bm5f:r5f 0.7455 1 0.0435 0.1009 1
bm5f:r8f 0.2431 1 0.5881 TRUE 1
bm5f:r9f 0.5374 1 0.2593 TRUE 1
bm5m:bm6m 1.896e-136 0.02597 1.317e-12 TRUE TRUE
bm5m:bm7m 3.802e-118 0.003022 3.192e-18 TRUE TRUE
bm5m:bm8m 0.5592 1 0.7168 TRUE 1
bm5m:ch1m 0.1971 1 TRUE 1
bm5m:ch4m 0.7573 0.297 TRUE 1
bm5m:ch5m 0.2157 0.2608 TRUE 1
bm5m:ch6m 0.3781 0.6229 TRUE 1
bm5m:l1m 0.1383 0.009921 0.04486 TRUE 1
bm5m:l2m 0.1292 0.1877 0.3163 TRUE 1
bm5m:l3m 0.04177 0.08411 0.001033 TRUE 1
bm5m:l4m 0.1785 0.0004923 0.002507 TRUE 1
bm5m:l5m 0.1374 0.6794 0.2239 TRUE 1
bm5m:r10m 0.8084 1 TRUE 1
bm5m:r4m 0.5429 0.6339 TRUE 1
bm5m:r5m 0.5708 0.7712 0.0598 TRUE TRUE
bm5m:r8m 0.2105 1 0.1435 TRUE 1
bm5m:r9m 0.5687 1 1 TRUE 1
bm6f:bm7f 4.941e-324 5.263e-06 2.124e-32 0 TRUE
bm6f:bm8f 0.7428 0.1123 0.05472 TRUE 1
bm6f:ch1f 0.7919 0.2478 TRUE 1
bm6f:ch4f 0.6983 1 TRUE 1
bm6f:ch5f 0.05522 0.2972 TRUE 1
bm6f:ch6f 0.4766 1 0.6603 TRUE 1
bm6f:l1f 0.07122 0.008125 0.01024 TRUE 1
bm6f:l2f 0.324 0.891 0.03785 TRUE 1
bm6f:l3f 0.1423 0.6126 0.8491 TRUE 1
bm6f:l4f 0.2382 0.2092 0.203 TRUE 1
bm6f:l5f 0.7186 0.668 0.1652 TRUE 1
bm6f:r10f 0.353 1 TRUE 1
bm6f:r4f 0.8666 0.0388 TRUE 1
bm6f:r5f 0.9492 0.02843 0.00512 TRUE 1
bm6f:r8f 0.6582 1 1 TRUE 1
bm6f:r9f 0.9636 1 1 TRUE 1
bm6m:bm7m 4.941e-324 0.006615 1.093e-36 TRUE TRUE
bm6m:bm8m 0.4113 1 1 TRUE 1
bm6m:ch1m 0.5422 1 TRUE 1
bm6m:ch4m 0.8023 0.6228 TRUE 1
bm6m:ch5m 0.05382 0.6218 TRUE 1
bm6m:ch6m 0.2627 1 TRUE 1
bm6m:l1m 0.4254 0.06769 0.0004414 TRUE 1
bm6m:l2m 0.9665 0.02547 0.04936 TRUE TRUE
bm6m:l3m 0.5783 0.0008265 2.002e-05 TRUE 1
bm6m:l4m 0.6481 0.004405 0.02017 TRUE 1
bm6m:l5m 0.568 0.1513 0.05472 TRUE 1
bm6m:r10m 0.1936 1 TRUE 1
bm6m:r4m 0.8205 1 0.5126 0.8812
bm6m:r5m 0.9016 0.01244 0.3445 TRUE 1
bm6m:r8m 0.08427 1 0.5718 TRUE 1
bm6m:r9m 0.8786 1 0.2596 TRUE 1
bm7f:bm8f 0.7555 0.1136 0.1574 TRUE 1
bm7f:ch1f 0.875 0.2378 TRUE 1
bm7f:ch4f 0.8891 0.6274 TRUE 1
bm7f:ch5f 0.04064 1 TRUE 1
bm7f:ch6f 0.4037 1 1 TRUE 1
bm7f:l1f 0.08471 0.1082 0.02029 0.0004005 0.7666
bm7f:l2f 0.428 0.4445 0.02686 TRUE 1
bm7f:l3f 0.7212 0.2004 0.3612 TRUE 1
bm7f:l4f 0.6983 0.06758 0.007611 TRUE 1
bm7f:l5f 1 0.2307 0.09172 TRUE 1
bm7f:r10f 0.01215 1 TRUE 1
bm7f:r4f 0.8667 0.1401 TRUE 1
bm7f:r5f 0.751 0.1152 0.1197 TRUE 1
bm7f:r8f 0.6198 1 1 TRUE 1
bm7f:r9f 0.2286 1 1 TRUE 1
bm7m:bm8m 0.4275 1 1 TRUE 1
bm7m:ch1m 0.9371 0.5935 TRUE 1
bm7m:ch4m 0.6272 1 TRUE 1
bm7m:ch5m 0.6053 0.6216 TRUE 1
bm7m:ch6m 0.7619 1 TRUE 1
bm7m:l1m 0.0825 0.08828 0.003964 TRUE 1
bm7m:l2m 0.4285 0.01035 0.008421 TRUE 1
bm7m:l3m 0.4861 0.01001 0.000152 TRUE 1
bm7m:l4m 0.4595 0.02612 0.002124 TRUE 1
bm7m:l5m 0.4128 0.03696 0.0119 TRUE 1
bm7m:r10m 0.8857 0.3334 TRUE 1
bm7m:r4m 0.4345 0.6325 0.4669 0.814
bm7m:r5m 0.9263 5.518e-05 0.009117 TRUE 1
bm7m:r8m 0.238 1 1 TRUE 1
bm7m:r9m 0.8525 1 0.4167 TRUE TRUE
bm8f:ch1f 0.8034 0.06631 TRUE 1
bm8f:ch4f 0.6271 1 TRUE TRUE
bm8f:ch5f 0.7124 0.6223 TRUE 1
bm8f:ch6f 0.799 1 1 TRUE 1
bm8f:l1f 0.06334 0.06835 0.04505 TRUE 1
bm8f:l2f 0.6335 0.009333 0.009208 TRUE 1
bm8f:l3f 0.6478 0.02818 0.06522 TRUE 1
bm8f:l4f 0.02227 0.4319 0.02365 TRUE 1
bm8f:l5f 0.8025 0.0317 0.001294 TRUE 1
bm8f:r10f 0.8993 1 TRUE 1
bm8f:r4f 0.1785 0.1319 TRUE 1
bm8f:r5f 0.5704 1 1 0.07069 0.8588
bm8f:r8f 0.717 1 0.5852 TRUE 1
bm8f:r9f 0.8887 1 0.2353 TRUE 1
bm8m:ch1m 0.5645 0.5818 TRUE 1
bm8m:ch4m 0.7028 1 TRUE 1
bm8m:ch5m 0.6871 0.6219 TRUE 1
bm8m:ch6m 0.3225 0.6221 TRUE 1
bm8m:l1m 0.3887 0.04394 0.004273 TRUE 1
bm8m:l2m 0.8632 0.08594 0.03847 TRUE 1
bm8m:l3m 0.1471 0.004708 0.03346 TRUE 1
bm8m:l4m 0.0252 0.1319 0.05827 TRUE 1
bm8m:l5m 0.5166 0.2018 0.1332 TRUE 1
bm8m:r10m 0.9668 1 TRUE 1
bm8m:r4m 1 0.6283 TRUE 1
bm8m:r5m 0.8365 0.7696 0.808 TRUE 1
bm8m:r8m 0.2711 1 0.7717 TRUE 1
bm8m:r9m 0.9366 0.1499 0.678 TRUE 1
ch1f:ch4f 8.938e-06 0.02377 TRUE TRUE
ch1f:ch5f 4.051e-114 0.2359 TRUE TRUE
ch1f:ch6f 6.45e-227 0.1066 6.32e-09 TRUE TRUE
ch1f:l1f 0.3848 0.1985 0.2649 TRUE 1
ch1f:l2f 0.5306 0.8809 0.4993 TRUE 1
ch1f:l3f 0.3007 0.4452 0.03276 TRUE 1
ch1f:l4f 0.3871 0.5436 0.1818 TRUE 1
ch1f:l5f 0.6113 0.3606 0.5681 TRUE 1
ch1f:r10f 0.9653 1 TRUE 1
ch1f:r4f 0.9139 0.6502 TRUE 1
ch1f:r5f 0.4353 0.3102 0.7257 TRUE 1
ch1f:r8f 0.487 1 0.08226 TRUE 1
ch1f:r9f 0.6016 1 0.6809 TRUE 1
ch1m:ch4m 5.269e-11 0.2953 TRUE TRUE
ch1m:ch5m 2.379e-122 1.864e-07 TRUE TRUE
ch1m:ch6m 4.941e-324 1.597e-11 TRUE TRUE
ch1m:l1m 0.9004 0.1446 0.4607 TRUE 1
ch1m:l2m 0.3867 0.1115 0.1908 TRUE 1
ch1m:l3m 0.8267 0.03127 0.06819 TRUE 1
ch1m:l4m 0.6333 0.07874 0.1271 TRUE 1
ch1m:l5m 0.9406 0.3203 0.235 TRUE 1
ch1m:r10m 0.9661 1 TRUE 1
ch1m:r4m 0.7667 0.6281 TRUE 1
ch1m:r5m 0.962 0.5428 0.9039 TRUE 1
ch1m:r8m 0.2629 1 0.3699 TRUE 1
ch1m:r9m 0.9616 1 0.6712 TRUE 1
ch4f:ch5f 2.79e-13 0.01775 TRUE TRUE
ch4f:ch6f 3.358e-05 1 0.3989 TRUE TRUE
ch4f:l1f 0.181 0.03288 0.03448 TRUE 1
ch4f:l2f 0.8955 0.1331 0.004837 TRUE 1
ch4f:l3f 0.8752 0.1731 0.01865 TRUE 1
ch4f:l4f 0.9208 0.5941 0.2845 TRUE 1
ch4f:l5f 0.7708 0.03854 0.001297 TRUE 1
ch4f:r10f 0.8923 1 TRUE 1
ch4f:r4f 0.8614 1 TRUE 1
ch4f:r5f 0.6569 0.02153 0.002105 TRUE 1
ch4f:r8f 0.7793 1 1 TRUE 1
ch4f:r9f 0.6145 1 1 TRUE 1
ch4m:ch5m 3.864e-09 0.006581 TRUE TRUE
ch4m:ch6m 2.22e-06 0.2921 TRUE TRUE
ch4m:l1m 0.8904 0.6299 0.697 TRUE 1
ch4m:l2m 0.279 0.131 0.03516 TRUE 1
ch4m:l3m 0.4993 0.412 0.1505 TRUE 1
ch4m:l4m 0.5807 0.07212 0.1825 TRUE 1
ch4m:l5m 0.571 0.6502 0.02899 TRUE 1
ch4m:r10m 1 0.3137 TRUE 1
ch4m:r4m 0.3228 1 TRUE 1
ch4m:r5m 0.9491 0.3703 0.7167 TRUE 1
ch4m:r8m 0.5356 1 0.3571 TRUE 1
ch4m:r9m 0.361 1 0.4143 TRUE 1
ch5f:ch6f 4.235e-32 1 0.02886 TRUE TRUE
ch5f:l1f 0.6215 0.1508 0.2406 TRUE 1
ch5f:l2f 0.5942 0.4485 0.1233 TRUE 1
ch5f:l3f 0.06627 0.1886 0.06858 TRUE 1
ch5f:l4f 0.1027 0.1415 0.3266 TRUE 1
ch5f:l5f 0.8356 1 0.1027 TRUE 1
ch5f:r10f 0.6763 1 TRUE 1
ch5f:r4f 0.6957 1 TRUE 1
ch5f:r5f 0.6101 0.09407 0.2092 TRUE 1
ch5f:r8f 0.155 1 1 TRUE 1
ch5f:r9f 0.6605 1 1 TRUE 1
ch5m:ch6m 1.624e-60 0.01193 TRUE TRUE
ch5m:l1m 0.7057 0.8886 1 TRUE 1
ch5m:l2m 0.695 0.5006 0.2837 TRUE 1
ch5m:l3m 0.1137 0.7828 0.7562 TRUE 1
ch5m:l4m 0.7864 0.4977 0.4209 TRUE 1
ch5m:l5m 0.5938 1 1 TRUE 1
ch5m:r10m 0.7802 1 TRUE 1
ch5m:r4m 0.5819 1 TRUE 1
ch5m:r5m 0.7646 0.2313 0.7184 TRUE 1
ch5m:r8m 0.7085 1 1 TRUE 1
ch5m:r9m 0.5715 1 1 TRUE 1
ch6f:l1f 0.1401 0.1234 0.002354 TRUE 1
ch6f:l2f 0.747 0.8804 0.5331 TRUE 1
ch6f:l3f 0.6862 1 0.6064 TRUE 1
ch6f:l4f 0.4888 0.9399 0.3136 TRUE 1
ch6f:l5f 0.5118 0.3196 0.4228 TRUE 1
ch6f:r10f 0.3938 1 TRUE 1
ch6f:r4f 0.4617 0.3829 TRUE 1
ch6f:r5f 0.4128 1 1 TRUE 1
ch6f:r8f 0.8025 1 1 TRUE 1
ch6f:r9f 0.7604 1 0.6677 TRUE 1
ch6m:l1m 0.1152 0.4446 0.2368 TRUE 1
ch6m:l2m 0.5962 0.04054 0.03928 TRUE 1
ch6m:l3m 0.4542 0.1008 0.1239 TRUE 1
ch6m:l4m 0.2417 0.2297 0.1213 TRUE 1
ch6m:l5m 0.5587 0.363 0.1106 TRUE 1
ch6m:r10m 0.3605 0.3061 TRUE 1
ch6m:r4m 0.6139 0.6272 TRUE 1
ch6m:r5m 0.2316 0.7698 0.02035 TRUE 1
ch6m:r8m 0.3875 1 0.3618 TRUE 1
ch6m:r9m 0.8716 1 0.07542 TRUE 1
l1f:l2f 4.563e-64 1.048e-167 1.97e-220 1.355e-313 0.0006982
l1f:l3f 4.416e-100 1.046e-214 3.888e-319 0 TRUE
l1f:l4f 4.941e-324 0 0 0 TRUE
l1f:l5f 7.317e-115 8.8e-182 9.815e-258 0 TRUE
l1f:r10f 0.001743 0.02619 6.902e-06 0.7066
l1f:r4f 0.008106 0.5296 4.069e-05 0.4658
l1f:r5f 1.417e-05 5.891e-05 0.0003763 7.296e-13 4.31e-12
l1f:r8f 0.05358 1 0.009664 3.256e-06 0.2883
l1f:r9f 0.638 1 0.3829 0.0002243 0.06778
l1m:l2m 2.026e-60 9.991e-171 6.805e-235 3.701e-305 2.006e-09
l1m:l3m 6.202e-119 4.192e-241 0 0 TRUE
l1m:l4m 4.941e-324 6.849e-310 0 0 TRUE
l1m:l5m 2.394e-56 7.508e-148 1.356e-211 1.04e-296 0.008364
l1m:r10m 0.1847 0.5978 0.00176 0.3698
l1m:r4m 0.0489 0.7401 0.0004262 0.1137
l1m:r5m 5.156e-09 6.879e-05 1.068e-09 1.168e-28 1.123e-10
l1m:r8m 0.00864 0.2078 0.01171 2.069e-08 0.014
l1m:r9m 0.2576 0.03413 0.7761 0.002494 0.4429
l2f:l3f 4.941e-324 0 0 0 TRUE
l2f:l4f 3.459e-209 5.158e-311 0 0 TRUE
l2f:l5f 4.941e-324 0 0 0 TRUE
l2f:r10f 0.5897 0.06471 0.0124 0.8647
l2f:r4f 0.05662 0.07782 8.838e-10 0.4903
l2f:r5f 0.02039 0.1221 0.0005149 2.84e-10 0.476
l2f:r8f 0.04643 1 0.007202 6.671e-06 0.02932
l2f:r9f 0.1463 1 0.1938 1.949e-07 0.007757
l2m:l3m 4.941e-324 0 0 0 TRUE
l2m:l4m 2.023e-101 3.066e-243 4.825e-319 0 TRUE
l2m:l5m 4.941e-324 0 0 0 TRUE
l2m:r10m 0.3906 1 0.008353 0.6308
l2m:r4m 0.005757 0.7176 0.001219 0.6965
l2m:r5m 1.734e-05 0.00123 0.0004136 1.893e-10 0.8599
l2m:r8m 0.01686 1 0.0987 9.314e-06 0.9254
l2m:r9m 0.201 1 0.193 7.922e-05 0.6387
l3f:l4f 2.258e-202 1.545e-268 0 0 TRUE
l3f:l5f 4.941e-324 0 0 0 TRUE
l3f:r10f 0.1117 0.07104 0.007132 0.5571
l3f:r4f 0.2524 0.09795 5.44e-11 0.6666
l3f:r5f 0.06345 0.4574 0.0007871 1.19e-13 0.434
l3f:r8f 0.4576 1 0.1393 0.0003471 TRUE
l3f:r9f 0.05388 1 0.5485 1.02e-05 0.1843
l3m:l4m 6.001e-218 1.628e-289 0 0 TRUE
l3m:l5m 4.941e-324 0 0 0 TRUE
l3m:r10m 0.3656 1 0.002864 TRUE
l3m:r4m 0.0009956 1 0.0007908 0.4407
l3m:r5m 1.546e-06 0.01048 0.0002458 1.161e-12 0.9873
l3m:r8m 0.1017 0.1795 0.1208 3.739e-05 0.9836
l3m:r9m 0.613 0.2519 0.5333 0.0002254 0.9772
l4f:l5f 4.941e-324 2.086e-233 0 0 TRUE
l4f:r10f 0.005288 0.3213 0.005011 0.3894
l4f:r4f 0.003118 0.04893 6.962e-06 0.6345
l4f:r5f 0.0005834 2.863e-05 2.358e-10 1.264e-13 0.9493
l4f:r8f 0.02387 0.3534 0.02612 6.654e-08 0.2309
l4f:r9f 0.1114 1 0.0009192 0.0001435 0.5381
l4m:l5m 9.513e-293 4.415e-200 4.941e-324 0 TRUE
l4m:r10m 0.1678 0.1862 0.009392 0.6921
l4m:r4m 0.05892 0.09029 1.733e-05 0.268
l4m:r5m 6.054e-08 5.83e-06 2.01e-11 3.011e-29 1.889e-17
l4m:r8m 0.0197 0.01027 0.0006309 1.829e-08 0.9286
l4m:r9m 0.56 0.269 0.5534 5.118e-05 0.6416
l5f:r10f 0.2148 1 0.007749 0.6153
l5f:r4f 0.02274 1 9.078e-07 0.2212
l5f:r5f 0.1216 0.04184 1.818e-05 7.587e-11 0.003459
l5f:r8f 0.02447 1 0.1919 2.012e-05 0.5294
l5f:r9f 0.008941 1 0.1983 2.255e-05 0.0358
l5m:r10m 0.4242 0.4599 0.003398 0.5998
l5m:r4m 0.1255 0.7009 0.003318 0.08872
l5m:r5m 0.01669 0.001558 5.752e-05 1.177e-10 0.3737
l5m:r8m 0.1229 0.1478 0.001562 0.0001194 0.8483
l5m:r9m 0.09297 0.2127 0.3053 0.0001931 0.268
r10f:r4f 0.000713 0.4632 TRUE 1
r10f:r5f 0.2143 0.0001935 0.000208 TRUE 1
r10f:r8f 0.51 1 0.4182 TRUE 1
r10f:r9f 0.7026 1 0.5453 TRUE 1
r10m:r4m 0.6811 0.3841 TRUE 1
r10m:r5m 0.06743 0.7373 0.0241 TRUE 1
r10m:r8m 0.8486 1 0.2045 TRUE 1
r10m:r9m 0.2745 1 1 TRUE 1
r4f:r5f 0.003508 0.1159 0.0004849 TRUE 1
r4f:r8f 0.2618 0.2121 0.01227 TRUE 1
r4f:r9f 0.5089 1 0.1127 TRUE 1
r4m:r5m 0.8653 0.2448 0.1238 TRUE 1
r4m:r8m 0.2404 0.1095 0.5748 TRUE 1
r4m:r9m 0.4691 0.1583 1 TRUE 1
r5f:r8f 0.0008005 3.815e-05 0.0001026 1.484e-07 0.6888
r5f:r9f 0.5182 1 0.447 TRUE 1
r5m:r8m 0.006534 0.1695 0.3159 1.086e-06 0.153
r5m:r9m 0.6034 1 1 0.06816 0.5296
r8f:r9f 0.1435 1 0.7178 TRUE 1
r8m:r9m 0.1689 1 0.7205 TRUE 1
