CODE D1D2NOM D1GWD2NOM D1SUGD2NOM D1D2MIN_BT_P D1D2MIN_FET_P
100m:126m 3.14e-08 0.1502 3.07e-13 0.1598
100m:136m 0.004882 1 0.002277 0.43
100m:144m 0.003039 1 0.000459 0.05375
100m:151m 0.4526 1 TRUE 1
100m:152m 0.4037 1 TRUE 1
100m:157m 0.1684 1 0.000341 0.8401
100m:163m 0.004838 0.1985 2.416e-07 0.7071
100m:169m 0.04864 1 0.006516 0.7712
100m:175m 0.0003774 1 1.204e-06 0.6487
100m:181m 0.03091 1 0.03295 0.8028
100m:187m 0.1198 1 TRUE 1
100m:4370m 0.8411 1 0.06413 0.4819
100m:4373m 0.9522 0.2042 0.5408 TRUE
100m:49m 0.4963 1 TRUE 1
100m:52m 0.3837 0.1882 TRUE 1
100m:97m 0.7699 1 TRUE 1
100m:a13m 0.08112 1 0.02779 0.3031
100m:a1m 0.4742 1 TRUE 1
100m:a21m 0.1456 0.2038 TRUE 1
100m:a22m 0.1861 1 TRUE 1
100m:a27m 0.1881 1 0.05561 0.9149
100m:a28m 0.8308 1 TRUE 1
100m:a29m 0.07983 1 TRUE 1
100m:a30m 0.001645 1 0.02212 0.8066
100m:a7m 0.1992 1 0.02991 0.8721
100m:a8m 0.01374 0.2766 0.0002773 0.428
100m:a9m 0.1867 1 TRUE 1
100m:ADr1um 0.5192 1 0.3509 0.8763
100m:bm1m 0.8057 1 TRUE 1
100m:bm2m 0.884 0.01509 TRUE 1
100m:bm4m 0.4657 1 TRUE 1
100m:bm5m 0.5773 1 TRUE 1
100m:bm7m 0.8897 0.2124 TRUE 1
100m:bm8m 0.9834 1 TRUE 1
100m:ch1m 0.1013 0.195 TRUE 1
100m:ch4m 0.5696 1 TRUE 1
100m:ch5m 0.2344 0.1953 TRUE 1
100m:ch6m 0.1373 0.1925 TRUE 1
100m:l1m 0.007364 1 1.464e-05 TRUE
100m:l2m 0.2912 1 0.0001891 0.7004
100m:l3m 0.05901 1 0.0002037 0.1075
100m:l4m 0.001656 0.3682 0.00056 0.7957
100m:l5m 0.1179 1 0.01146 0.4347
100m:r10m 0.5492 1 TRUE 1
100m:r4m 0.6515 1 TRUE 1
100m:r5m 0.0143 1 6.547e-05 0.7538
100m:r8m 0.2664 1 TRUE 1
100m:r9m 0.3411 1 TRUE 1
126m:136m 5.271e-209 1.283e-26 2.889e-58 1.073e-288 TRUE
126m:144m 1.645e-08 4.133e-12 2.132e-13 4.093e-09 0.3001
126m:151m 0.005137 7.194e-06 2.368e-05 TRUE 1
126m:152m 0.3541 0.002445 0.0006614 TRUE 1
126m:157m 1.905e-37 2.192e-33 3.72e-39 4.41e-60 TRUE
126m:163m 4.02e-167 7.022e-50 1.683e-112 3.837e-224 TRUE
126m:169m 2.737e-09 5.278e-12 9.88e-12 TRUE 1
126m:175m 1.59e-103 4.063e-39 3.094e-74 2.83e-146 TRUE
126m:181m 0.001404 1.51e-05 0.0004869 TRUE 1
126m:187m 5.176e-07 4.716e-09 1.604e-08 TRUE 1
126m:4370m 0.2676 0.04444 0.1286 0.00158 0.01085
126m:4373m 0.08401 0.1855 0.09188 0.0001008 0.6894
126m:49m 0.7631 1 0.8435 TRUE 1
126m:52m 0.03682 1 0.3294 TRUE 1
126m:97m 1.683e-12 3.876e-22 4.208e-33 TRUE 1
126m:a13m 0.0001492 0.00157 0.001123 2.127e-10 0.004092
126m:a1m 0.006054 0.2146 0.005875 TRUE 1
126m:a21m 0.001402 6.719e-05 1.438e-06 TRUE 1
126m:a22m 0.01719 0.01074 0.00479 TRUE 1
126m:a27m 0.02129 0.1215 0.2462 0.01666 0.3681
126m:a28m 0.3368 0.02509 0.1201 TRUE 1
126m:a29m 0.01774 0.00394 0.0004558 TRUE 1
126m:a30m 0.003796 0.01618 0.02763 TRUE 1
126m:a7m 0.2511 0.3237 0.1836 0.05282 0.821
126m:a8m 4.165e-05 6.686e-05 0.000118 2.368e-15 0.9884
126m:a9m 0.1283 0.07292 0.2206 TRUE 1
126m:ADr1um 0.8974 0.08592 0.4289 TRUE 1
126m:bm1m 0.2224 0.3215 0.7017 TRUE 1
126m:bm2m 0.7654 1 1 TRUE 1
126m:bm4m 0.5781 0.3094 0.1189 TRUE 1
126m:bm5m 0.1701 0.523 0.7089 TRUE 1
126m:bm6m 0.07288 0.04319 0.08641 TRUE 1
126m:bm7m 0.1361 0.1877 0.5693 TRUE 1
126m:bm8m 0.2338 0.3271 0.4511 TRUE 1
126m:ch1m 1 0.7401 0.8481 TRUE 1
126m:ch4m 0.6241 0.7317 1 TRUE 1
126m:ch5m 0.1061 1 0.08058 TRUE 1
126m:ch6m 0.1547 0.5115 0.4273 TRUE 1
126m:l1m 3.788e-23 1.132e-17 3.881e-15 4.9e-40 1.295e-05
126m:l2m 1.301e-19 6.187e-07 8.091e-10 8.631e-31 0.1008
126m:l3m 1.73e-19 1.607e-10 6.478e-18 1.276e-40 6.072e-17
126m:l4m 5.77e-21 3.023e-07 2.58e-10 8.681e-34 4.951e-20
126m:l5m 2.133e-10 3.265e-06 6.252e-08 9.236e-22 0.1717
126m:r10m 0.6757 0.462 1 TRUE 1
126m:r5m 7.122e-05 0.002091 0.005729 4.206e-08 0.254
126m:r8m 0.1372 0.1268 0.1657 TRUE 1
126m:r9m 0.03284 0.0105 0.1726 TRUE 1
127f:137f 7.919e-68 7.895e-27 4.439e-36 9.478e-92 TRUE
127f:145f 5.548e-08 9.243e-06 3.02e-06 4.217e-10 0.7457
127f:153f 0.01373 0.0003289 7.376e-07 8.201e-07 0.05695
127f:154f 0.06127 0.004972 2.741e-07 TRUE 1
127f:159f 4.365e-14 2.42e-19 3.062e-31 7.735e-14 0.03264
127f:165f 2.155e-143 2.097e-58 3.447e-124 3.826e-224 TRUE
127f:171f 1.153e-05 2.814e-07 3.453e-10 1.691e-06 0.02757
127f:177f 1.396e-52 1.294e-38 1.798e-73 7.685e-113 TRUE
127f:183f 0.001124 0.004328 1.402e-08 5.444e-07 0.5768
127f:189f 0.001447 1.678e-05 2.425e-13 3.268e-08 0.02079
127f:4371f 0.8681 0.3975 0.6345 0.002171 1
127f:4374f 0.1821 0.08775 0.00713 TRUE 1
127f:48f 0.1458 0.2808 0.009535 TRUE 1
127f:51f 0.4367 0.01734 0.3332 TRUE 1
127f:96f 2.831e-10 7.905e-16 1.439e-20 TRUE 1
127f:99f 0.01139 1.94e-05 5.511e-10 TRUE 1
127f:a13f 0.0213 0.1707 0.004305 TRUE 1
127f:a1f 0.108 0.008849 0.01295 TRUE 1
127f:a21f 6.511e-08 8.159e-11 6.415e-17 TRUE 1
127f:a22f 8.814e-07 0.0001819 9.499e-10 TRUE 1
127f:a27f 0.01383 0.001788 0.008393 0.004032 0.2553
127f:a28f 0.7755 0.4087 0.5298 TRUE 1
127f:a29f 0.007176 0.4717 0.02705 TRUE 1
127f:a30f 9.331e-05 0.02597 0.05412 0.001746 0.7401
127f:a7f 0.2465 1 0.749 0.06326 0.8545
127f:a8f 1.032e-07 2.352e-05 5.412e-08 1.679e-18 0.03661
127f:a9f 0.8486 0.4282 0.2755 TRUE 1
127f:ADr1uf 0.682 1 0.1835 0.02844 0.8302
127f:bm1f 0.8158 0.3905 0.5205 TRUE 1
127f:bm2f 0.06134 0.3945 0.4221 TRUE 1
127f:bm4f 0.4678 1 0.3291 TRUE 1
127f:bm5f 0.02496 0.7856 0.3525 TRUE 1
127f:bm6f 0.1581 1 0.877 TRUE 1
127f:bm7f 0.1719 0.7906 1 0.0007694 1
127f:bm8f 0.04047 0.1612 0.1092 TRUE 1
127f:ch1f 0.2778 0.2629 1 TRUE 1
127f:ch4f 0.6238 0.5623 0.6266 TRUE 1
127f:ch5f 0.3372 0.1387 0.324 TRUE 1
127f:ch6f 0.085 0.5648 0.7436 TRUE 1
127f:l1f 8.701e-17 5.237e-07 6.574e-13 4.529e-38 3.235e-05
127f:l2f 1.154e-13 6.858e-07 3.864e-14 1.595e-35 7.573e-05
127f:l3f 1.765e-14 4.864e-10 1.183e-16 6.617e-38 0.2546
127f:l4f 2.311e-16 6.267e-07 2.548e-14 1.118e-40 0.001307
127f:l5f 7.863e-15 1.926e-10 1.295e-21 2.549e-37 0.02242
127f:r10f 0.4056 0.3684 0.5952 TRUE 1
127f:r4f 0.6567 0.7839 1 TRUE 1
127f:r5f 0.007212 0.007745 0.0009968 TRUE 1
127f:r8f 0.1235 0.7943 0.7629 TRUE 1
127f:r9f 0.8357 0.007025 7.901e-05 TRUE 1
136m:144m 0 2.076e-07 6.519e-30 0 TRUE
136m:151m 0.2164 0.1183 0.0004496 TRUE 1
136m:152m 0.5712 0.4333 0.3336 TRUE 1
136m:157m 0 8.893e-12 6.342e-48 0 TRUE
136m:163m 3.536e-27 6.533e-07 6.744e-20 2.733e-46 TRUE
136m:169m 0 1.157e-11 2.004e-39 0 TRUE
136m:175m 3.318e-14 0.002295 1.748e-10 2.94e-31 TRUE
136m:181m 2.992e-61 1.17e-06 1.292e-16 TRUE TRUE
136m:187m 0.2029 0.001761 0.0002928 0.03232 0.5784
136m:4370m 0.7423 0.4677 0.06821 0.1365 0.9306
136m:4373m 0.02399 0.4621 0.06405 0.002554 0.5248
136m:49m 0.7322 1 0.1139 TRUE 1
136m:52m 0.8478 1 0.114 TRUE 1
136m:97m 1.905e-07 0.000152 5.446e-08 TRUE 1
136m:a13m 0.0001548 0.02577 0.00439 5.192e-11 0.07301
136m:a1m 0.1838 0.1381 0.1262 TRUE 1
136m:a21m 0.1194 0.02365 0.003139 TRUE 1
136m:a22m 0.1808 0.004378 2.615e-05 TRUE 1
136m:a27m 0.03425 0.1235 0.07273 0.0002489 0.9301
136m:a28m 3.459e-09 0.01958 0.002168 TRUE 1
136m:a29m 0.0008461 0.1724 0.002225 TRUE 1
136m:a30m 2.108e-05 0.548 0.02659 TRUE 1
136m:a7m 0.3515 0.4507 0.3557 0.2231 0.9679
136m:a8m 4.676e-18 3.113e-07 1.941e-19 2.487e-27 0.06368
136m:a9m 0.149 0.1543 0.005478 TRUE 1
136m:ADr1um 0.4328 1 1 TRUE 1
136m:bm1m 0.09455 1 1 TRUE 1
136m:bm2m 0.932 0.4489 0.1932 TRUE 1
136m:bm4m 0.5 1 0.7436 TRUE 1
136m:bm5m 0.9187 0.4815 0.008658 TRUE 1
136m:bm6m 0.9834 0.4666 0.06243 TRUE 1
136m:bm7m 0.6039 1 0.7621 TRUE 1
136m:bm8m 0.09613 1 0.7558 TRUE 1
136m:ch1m 0.09366 0.4553 1 TRUE 1
136m:ch4m 0.9491 1 0.5246 TRUE 1
136m:ch5m 0.7229 1 0.5313 TRUE 1
136m:ch6m 0.7165 1 0.5239 TRUE 1
136m:l1m 1.535e-33 3.06e-07 4.907e-20 6.994e-48 2.331e-06
136m:l2m 7.553e-08 0.0001848 1.905e-09 1.083e-19 0.03526
136m:l3m 4.916e-09 2.037e-05 1.347e-10 2.605e-22 0.03531
136m:l4m 1.683e-22 1.386e-07 5.434e-19 7.149e-38 0.002466
136m:l5m 1.351e-05 0.05513 7.696e-08 1.572e-12 3.833e-07
136m:r10m 0.4933 0.009435 0.09744 TRUE 1
136m:r4m 0.1434 0.1264 1 TRUE 1
136m:r5m 0.003523 0.2666 0.002186 1.484e-08 0.2136
136m:r8m 0.2138 1 0.7754 TRUE 1
136m:r9m 0.7841 0.4502 0.1941 TRUE 1
137f:145f 4.941e-324 2.42e-07 1.984e-26 0 TRUE
137f:153f 0.002325 1 1 1.562e-05 0.4397
137f:154f 0.01378 0.1112 0.1477 0.000436 0.3493
137f:159f 0 6.892e-12 2.672e-40 0 TRUE
137f:165f 5.35e-18 0.1185 8.219e-08 2.585e-32 0.4863
137f:171f 0 6.088e-12 1.148e-31 0 TRUE
137f:177f 1.339e-07 0.0174 0.0001528 9.989e-12 0.536
137f:183f 1.885e-25 1.607e-08 1.118e-11 5.543e-37 TRUE
137f:189f 0.001232 0.4363 0.01321 8.289e-07 0.003449
137f:4371f 0.4706 1 0.1578 0.008906 0.1544
137f:4374f 0.8036 0.1244 0.06631 0.2955 0.7701
137f:48f 0.04003 1 0.512 TRUE 1
137f:51f 0.03228 0.4669 0.06348 TRUE 1
137f:96f 0.01304 0.01703 0.0007809 TRUE 1
137f:99f 0.1404 0.4417 0.04902 TRUE 1
137f:a13f 0.001007 0.000297 1.59e-05 TRUE 1
137f:a1f 0.07988 0.5316 0.1833 TRUE 1
137f:a21f 0.08442 0.1382 0.007866 TRUE 1
137f:a22f 0.0001798 0.006672 1.717e-05 TRUE 1
137f:a27f 0.01576 0.03811 0.02666 0.0001262 0.3343
137f:a28f 3.721e-12 0.03066 0.0007416 TRUE TRUE
137f:a29f 0.0005315 0.5925 0.03018 TRUE 1
137f:a30f 3.472e-06 0.04407 0.002002 TRUE 1
137f:a7f 0.3742 1 1 0.08619 0.9905
137f:a8f 2.446e-22 8.834e-09 8.35e-17 3.182e-37 0.0203
137f:a9f 0.4042 0.02629 0.2929 TRUE 1
137f:ADr1uf 0.3708 1 1 0.4736 1
137f:bm1f 0.8294 0.1135 0.1525 TRUE 1
137f:bm2f 0.02249 0.4466 1 TRUE 1
137f:bm4f 0.9827 0.4491 0.7224 TRUE 1
137f:bm5f 0.07397 1 1 TRUE 1
137f:bm6f 0.4883 1 1 TRUE 1
137f:bm7f 0.09694 1 0.7286 TRUE 1
137f:bm8f 0.006894 1 0.4724 TRUE 1
137f:ch1f 0.234 1 0.722 TRUE 1
137f:ch4f 0.2604 0.4419 1 TRUE 1
137f:ch5f 0.4239 1 1 TRUE 1
137f:ch6f 0.7125 0.4408 0.7221 TRUE 1
137f:l1f 9.898e-43 7.665e-06 1.042e-10 2.312e-57 0.01609
137f:l2f 3.052e-06 0.277 0.09012 4.372e-12 0.1902
137f:l3f 1.779e-07 0.002758 2.416e-06 1.984e-15 0.124
137f:l4f 7.904e-30 6.484e-05 1.324e-08 2.508e-44 0.000509
137f:l5f 3.709e-07 0.08337 0.003353 4.423e-12 0.4727
137f:r10f 0.3946 0.4304 0.4321 TRUE 1
137f:r4f 0.183 0.4788 0.4899 TRUE 1
137f:r5f 0.002033 0.5977 0.03219 TRUE 1
137f:r8f 0.04895 0.02555 0.5118 TRUE 1
137f:r9f 0.7732 1 0.4867 TRUE TRUE
144m:151m 0.1318 0.02405 0.03083 TRUE 1
144m:152m 0.07087 0.7228 0.1539 TRUE 1
144m:157m 0 2.068e-38 1.517e-95 0 TRUE
144m:163m 2.401e-08 0.06813 0.0004529 2.062e-12 0.8735
144m:169m 0 2.671e-35 1.066e-97 0 TRUE
144m:175m 3.692e-07 0.06775 0.009534 2.407e-21 0.2717
144m:181m 1.587e-189 1.411e-24 1.11e-51 1.865e-280 TRUE
144m:187m 0.0004249 0.1648 0.0003175 TRUE 1
144m:4370m 0.06565 0.07686 0.0771 0.006823 0.7789
144m:4373m 0.1936 1.609e-06 8.747e-05 1.769e-05 0.5528
144m:49m 0.04183 1 0.06844 TRUE 1
144m:52m 0.4805 0.7233 1 TRUE 1
144m:97m 0.0522 0.003877 0.005624 TRUE 1
144m:a13m 3e-10 7.951e-07 1.133e-07 2.332e-18 0.02365
144m:a1m 0.009509 0.0001123 9.167e-06 TRUE 1
144m:a21m 0.5844 0.3016 0.1848 TRUE 1
144m:a22m 4.325e-05 1.722e-06 1.372e-06 TRUE 1
144m:a27m 7.612e-05 0.02109 0.001193 2.318e-06 0.5437
144m:a28m 1.247e-16 5.571e-09 4.305e-13 TRUE 1
144m:a29m 0.009829 3.747e-07 7.722e-05 TRUE 1
144m:a30m 4.621e-07 1.669e-05 2.575e-05 TRUE 1
144m:a7m 0.4386 1 0.5606 0.0001395 0.9446
144m:a8m 2.002e-27 1.118e-31 2.283e-38 7.1e-62 0.002558
144m:a9m 0.004705 0.002976 6.255e-07 TRUE 1
144m:ADr1um 0.9152 0.4537 0.4145 TRUE 1
144m:bm1m 0.5608 0.7234 0.4239 TRUE 1
144m:bm2m 0.5544 0.7225 0.839 TRUE 1
144m:bm4m 0.9663 1 0.5425 TRUE 1
144m:bm5m 0.4686 0.0744 0.0802 TRUE 1
144m:bm6m 0.00185 0.000313 0.002771 TRUE 1
144m:bm7m 0.04984 0.0003112 0.03241 TRUE 1
144m:bm8m 0.2198 0.1602 0.04562 TRUE 1
144m:ch1m 0.4966 0.06304 0.1644 TRUE 1
144m:ch4m 0.9333 1 0.4196 TRUE 1
144m:ch5m 0.743 0.4821 0.8417 TRUE 1
144m:ch6m 0.1155 0.723 0.09897 TRUE 1
144m:l1m 8.855e-63 1.124e-25 1.109e-43 6.337e-102 2.295e-07
144m:l2m 1.807e-13 4.88e-08 3.903e-09 2.001e-18 1.465e-09
144m:l3m 2.749e-13 1.675e-08 1.782e-08 5.995e-23 0.0001986
144m:l4m 3.35e-47 3.465e-18 2.658e-30 1.984e-84 0.0004435
144m:l5m 2.791e-10 3.236e-06 6.504e-06 1.418e-16 0.2073
144m:r10m 0.3619 0.2327 0.3686 TRUE 1
144m:r4m 0.2478 0.03003 0.5672 TRUE 1
144m:r5m 4.455e-07 0.1006 0.04479 2.877e-14 0.001443
144m:r8m 0.0115 0.01696 0.0009354 TRUE 1
144m:r9m 0.5646 0.4771 0.2294 TRUE 1
145f:153f 0.013 0.7366 0.2472 3.927e-13 3.624e-08
145f:154f 0.02048 0.03471 0.03191 0.3017 1
145f:159f 0 1.18e-40 5.414e-106 0 TRUE
145f:165f 5.211e-10 0.01083 9.61e-05 7.135e-14 1.238e-05
145f:171f 0 9.437e-40 3.646e-108 0 TRUE
145f:177f 5.64e-07 0.03413 0.002668 5.442e-12 0.09859
145f:183f 6.61e-113 1.146e-26 1.968e-47 1.524e-49 TRUE
145f:189f 4.378e-05 0.03675 0.0008941 1.084e-14 7.255e-11
145f:4371f 0.3124 0.3275 0.0554 0.1039 0.9819
145f:4374f 0.06354 0.04468 0.3458 TRUE 1
145f:48f 3.415e-05 0.007301 0.0112 TRUE 1
145f:51f 0.02312 0.04139 0.003608 TRUE 1
145f:96f 0.1241 0.09094 0.03008 TRUE 1
145f:99f 0.3618 0.0952 0.07798 TRUE 1
145f:a13f 3.72e-06 0.1943 0.001051 2.543e-05 0.2094
145f:a1f 0.01738 0.2355 0.005405 TRUE 1
145f:a21f 9.336e-05 1 0.2688 TRUE 1
145f:a22f 8.436e-11 0.002287 2.945e-07 TRUE 1
145f:a27f 0.002492 0.01319 0.0009899 1.27e-07 0.4241
145f:a28f 9.827e-22 4.8e-05 1.293e-08 TRUE TRUE
145f:a29f 1.989e-10 0.7836 0.001043 TRUE 1
145f:a30f 1.389e-14 5.382e-06 8.391e-06 1.961e-22 0.0004755
145f:a7f 0.05399 0.5182 0.002975 6.564e-05 0.5275
145f:a8f 1.033e-39 1.321e-28 2.075e-51 2.841e-84 4.298e-09
145f:a9f 0.2562 0.3427 0.005464 TRUE 1
145f:ADr1uf 0.5301 0.2909 0.003862 0.002324 0.3277
145f:bm1f 0.4878 0.0958 0.003025 TRUE 1
145f:bm2f 0.583 0.7343 0.4404 TRUE 1
145f:bm4f 0.04108 0.735 0.7004 TRUE 1
145f:bm5f 0.04242 0.7503 0.8561 TRUE 1
145f:bm6f 0.4458 0.7508 0.1426 0.01925 0.2357
145f:bm7f 0.5888 0.7517 0.4629 0.005292 1
145f:bm8f 0.05848 0.1111 0.1292 TRUE 1
145f:ch1f 0.605 0.03987 0.02022 TRUE 1
145f:ch4f 0.9158 0.1765 0.847 TRUE 1
145f:ch5f 0.1622 1 0.2413 TRUE 1
145f:ch6f 0.6798 0.1104 0.181 TRUE 1
145f:l1f 8.333e-105 4.607e-27 5.939e-44 1.811e-140 TRUE
145f:l2f 2.568e-14 0.01123 1.051e-05 3.466e-29 0.3304
145f:l3f 6.425e-11 3.219e-05 3.178e-09 7.211e-32 0.7727
145f:l4f 3.308e-61 1.022e-17 4.644e-40 3.389e-108 TRUE
145f:l5f 5.742e-18 0.0001126 1.382e-10 2.889e-37 0.03515
145f:r10f 0.4892 0.4846 0.1958 TRUE 1
145f:r4f 0.08205 0.7561 0.09659 TRUE 1
145f:r5f 2.638e-06 0.0518 0.003811 TRUE 1
145f:r8f 0.0199 0.7675 0.07162 TRUE 1
145f:r9f 0.6859 0.1893 0.3517 TRUE 1
151m:152m 0.1266 0.002591 3.241e-06 TRUE 1
151m:157m 6.123e-11 0.1097 0.0018 TRUE 1
151m:163m 1.09e-44 0.004264 1.239e-12 1.375e-54 TRUE
151m:169m 1.469e-24 0.1149 5.152e-06 8.245e-40 TRUE
151m:175m 8.495e-137 0.1583 1.053e-07 2.447e-204 TRUE
151m:181m 2.212e-316 0.01097 6.197e-20 0 TRUE
151m:187m 0 0.01746 1.27e-19 0 TRUE
151m:4370m 0.6464 1 0.6491 0.001097 0.3464
151m:4373m 0.5533 1 0.3995 0.003031 0.1646
151m:49m 1 1 0.1314 TRUE 1
151m:52m 0.712 1 1 TRUE 1
151m:97m 0.274 0.1 0.351 TRUE 1
151m:a13m 0.433 0.129 0.003315 0.00401 0.3765
151m:a1m 0.3023 1 0.6684 TRUE 1
151m:a21m 0.4806 0.1112 0.1697 TRUE 1
151m:a22m 0.01115 0.004437 0.2486 TRUE 1
151m:a27m 0.02487 0.1272 0.2838 0.001014 0.6539
151m:a28m 0.0001838 1 0.08672 TRUE 1
151m:a29m 0.0009089 1 1 TRUE 1
151m:a30m 0.0003151 1 1 TRUE 1
151m:a8m 0.0003985 0.1579 0.0008502 2.361e-08 0.001868
151m:a9m 0.2107 1 0.1903 TRUE 1
151m:ADr1um 0.2238 1 1 0.02309 0.8297
151m:bm1m 0.3919 1 1 TRUE 1
151m:bm2m 0.8598 0.102 1 TRUE 1
151m:bm4m 0.5892 1 1 TRUE 1
151m:bm5m 0.762 0.1099 0.657 TRUE 1
151m:bm6m 0.4195 1 0.4005 TRUE 1
151m:bm7m 0.5595 1 0.4003 TRUE 1
151m:bm8m 0.08713 1 0.6481 TRUE 1
151m:ch1m 0.6187 1 1 TRUE 1
151m:ch4m 0.9386 1 0.158 TRUE 1
151m:ch5m 0.4229 1 0.6384 TRUE 1
151m:ch6m 0.3018 1 1 TRUE 1
151m:l1m 2.252e-09 0.01513 2.164e-05 1.08e-15 0.01559
151m:l2m 1.383e-05 0.008756 0.001956 2.549e-09 0.1107
151m:l3m 2.346e-09 0.01 0.002983 3.37e-10 0.1356
151m:l4m 2.425e-09 0.0135 1.668e-06 5.139e-16 0.04715
151m:l5m 3.052e-05 0.006809 0.003301 4.797e-10 0.2436
151m:r10m 0.04664 1 0.6069 TRUE 1
151m:r4m 0.9703 1 0.6572 TRUE 1
151m:r5m 0.03501 1 0.005331 0.007442 0.3362
151m:r8m 0.6583 1 0.4047 TRUE 1
151m:r9m 0.4506 1 1 TRUE 1
152m:157m 1.575e-05 1 0.0628 1.084e-05 0.4513
152m:163m 4.724e-18 0.06013 0.003475 3.381e-27 TRUE
152m:169m 2.51e-13 0.05368 0.01385 1.636e-12 TRUE
152m:175m 3.452e-85 0.07101 8.378e-08 9.379e-117 TRUE
152m:181m 1.03e-169 0.08609 3.449e-08 TRUE TRUE
152m:187m 4.513e-292 0.1017 7.773e-13 0 TRUE
152m:4370m 0.4204 0.05427 0.07084 0.02302 0.7959
152m:4373m 0.8492 1 1 0.02115 0.3771
152m:49m 0.2073 1 0.5993 TRUE 1
152m:52m 0.6198 1 0.6062 TRUE 1
152m:97m 0.3973 1 1 TRUE 1
152m:a13m 0.2382 0.06419 1 0.04914 0.8229
152m:a1m 0.1142 1 0.2615 TRUE 1
152m:a21m 0.9704 1 0.002303 TRUE 1
152m:a22m 0.06393 0.06599 0.000766 TRUE 1
152m:a27m 0.3961 0.06667 0.4242 1e-05 0.9363
152m:a28m 0.5275 1 1 TRUE 1
152m:a29m 0.1256 1 0.1224 TRUE 1
152m:a30m 0.005326 1 0.3583 TRUE 1
152m:a7m 0.3027 1 0.6218 0.1485 0.899
152m:a8m 0.2618 0.07966 0.01139 4.522e-07 0.256
152m:a9m 0.689 1 0.2918 TRUE 1
152m:ADr1um 0.8247 1 1 0.07452 0.7076
152m:bm1m 0.4603 1 1 TRUE TRUE
152m:bm2m 0.582 1 0.5809 TRUE 1
152m:bm4m 0.4998 1 1 TRUE 1
152m:bm5m 0.6788 1 0.6156 TRUE 1
152m:bm6m 0.1011 1 1 TRUE 1
152m:bm7m 1 1 0.2355 TRUE 1
152m:bm8m 0.8151 1 0.2123 TRUE 1
152m:ch1m 0.9219 1 0.6191 TRUE 1
152m:ch4m 0.2345 1 0.2448 TRUE 1
152m:ch5m 0.5821 1 1 TRUE 1
152m:ch6m 0.9843 1 1 TRUE 1
152m:l1m 0.0001133 0.1228 0.003894 9.574e-08 0.03145
152m:l2m 0.01642 0.09093 0.2213 1.603e-05 1
152m:l3m 0.002756 0.09785 0.02592 8.898e-06 0.1347
152m:l4m 0.0003916 0.1143 0.0004403 4.218e-09 0.01109
152m:l5m 0.1679 0.08187 0.1579 0.0007266 0.4346
152m:r10m 0.2536 1 0.1519 TRUE 1
152m:r4m 0.6816 1 0.6218 TRUE 1
152m:r5m 0.01636 1 0.019 0.0004289 0.1152
152m:r8m 0.6585 1 1 TRUE 1
152m:r9m 0.2308 1 0.6218 TRUE 1
153f:154f 4.014e-07 9.966e-25 3.464e-43 1.938e-72 0.001987
153f:159f 7.202e-15 1.858e-15 5.454e-25 2.534e-34 0.06784
153f:165f 1.258e-44 2.18e-21 1.656e-37 2.227e-68 TRUE
153f:171f 2.566e-61 2.75e-05 1.603e-11 8.531e-84 TRUE
153f:177f 4.941e-324 5.907e-21 6.493e-42 0 TRUE
153f:183f 0 3.06e-19 1.813e-50 0 TRUE
153f:189f 4.941e-324 7.353e-18 2.602e-51 0 TRUE
153f:4371f 0.7197 0.3124 0.143 TRUE 1
153f:4374f 0.2415 1 0.7779 TRUE 1
153f:48f 0.1446 1 0.7856 TRUE 1
153f:51f 0.01831 1 0.3959 TRUE 1
153f:96f 0.305 0.3048 1 TRUE 1
153f:99f 0.951 1 1 TRUE 1
153f:a13f 0.0009752 0.0008607 2.097e-05 TRUE 1
153f:a1f 0.01325 0.1676 0.1932 TRUE 1
153f:a21f 0.155 0.1112 0.02675 TRUE 1
153f:a22f 0.02164 0.6707 0.1412 TRUE 1
153f:a27f 0.01958 0.1349 0.5406 0.0008102 0.3188
153f:a28f 0.00424 1.614e-06 5.695e-11 TRUE 1
153f:a29f 0.2306 0.6721 0.808 TRUE 1
153f:a30f 0.004158 0.06376 0.4555 TRUE 1
153f:a7f 0.5018 1 0.3795 0.014 0.2343
153f:a8f 1.082e-08 3.274e-11 5.174e-17 2.181e-30 8.355e-06
153f:a9f 0.1459 0.6337 1 TRUE 1
153f:ADr1uf 0.1698 0.08021 0.1238 TRUE 1
153f:bm1f 0.3735 1 0.1405 TRUE 1
153f:bm2f 0.9521 1 0.5732 TRUE 1
153f:bm4f 0.5288 0.3043 0.5636 TRUE 1
153f:bm5f 0.063 0.6299 0.398 0.04278 0.3582
153f:bm6f 0.6686 0.6309 0.4018 TRUE 1
153f:bm7f 0.954 0.6331 1 TRUE 1
153f:bm8f 0.3102 0.6275 0.775 0.009879 0.767
153f:ch1f 0.4036 0.2937 1 TRUE 1
153f:ch4f 0.08745 0.6232 0.07666 TRUE 1
153f:ch5f 0.568 0.6228 0.7701 TRUE 1
153f:ch6f 1 1 0.5586 TRUE 1
153f:l1f 4.519e-21 4.479e-14 6.111e-24 9.142e-63 0.0007903
153f:l2f 2.589e-10 2.681e-10 2.074e-21 1.456e-42 0.03682
153f:l3f 4.305e-10 7.979e-10 3.175e-20 8.084e-27 0.0005503
153f:l4f 4.395e-32 1.644e-14 4.01e-26 4.883e-69 0.0005848
153f:l5f 6.294e-16 2.328e-14 1.69e-24 3.345e-51 0.0003784
153f:r10f 0.8455 0.6255 0.7509 TRUE 1
153f:r4f 0.4674 0.1198 1 TRUE 1
153f:r5f 0.1909 0.6685 0.2209 TRUE 1
153f:r8f 0.06803 0.6438 1 TRUE 1
153f:r9f 0.2797 0.1153 0.0862 TRUE 1
154f:159f 1.717e-07 3.315e-07 1.832e-09 2.869e-16 0.5932
154f:165f 3.308e-24 2.317e-08 8.11e-20 4.298e-45 TRUE
154f:171f 2.294e-23 5.65e-07 5.041e-08 2.544e-40 TRUE
154f:177f 7.434e-172 1.558e-12 1.875e-30 3.691e-264 TRUE
154f:183f 3.101e-272 8.53e-12 2.482e-28 0 TRUE
154f:189f 0 3.748e-11 2.966e-30 0 TRUE
154f:4371f 0.4582 1 1 0.1558 0.9262
154f:4374f 0.4167 1 1 0.0009328 0.1869
154f:48f 0.02583 0.1391 0.477 TRUE 1
154f:51f 0.3622 0.1161 0.4434 TRUE 1
154f:96f 0.1047 1 0.4296 TRUE 1
154f:99f 0.6916 0.4446 1 TRUE 1
154f:a13f 0.6689 0.003131 0.001751 TRUE 1
154f:a1f 0.01641 0.02355 0.007842 TRUE 1
154f:a21f 0.04417 0.1426 0.4722 TRUE 1
154f:a22f 0.006038 0.5648 0.7446 TRUE 1
154f:a27f 0.01096 0.5486 0.1955 8.661e-06 0.02956
154f:a28f 0.01844 1.443e-05 1.794e-08 TRUE 1
154f:a29f 0.004328 0.5895 0.05726 TRUE 1
154f:a30f 0.0003266 0.1888 1 0.0002214 0.6503
154f:a7f 0.2934 1 1 TRUE 1
154f:a8f 8.711e-06 0.001184 7.653e-10 3.801e-19 0.00469
154f:a9f 0.1483 0.4663 0.4807 TRUE 1
154f:ADr1uf 0.2981 0.4232 0.09688 TRUE 1
154f:bm1f 0.395 0.4221 0.7181 TRUE 1
154f:bm2f 0.1704 0.4191 0.7156 TRUE 1
154f:bm4f 0.4082 1 0.2614 TRUE 1
154f:bm5f 0.07024 0.4638 0.2767 0.0412 0.6006
154f:bm6f 0.2443 1 0.7219 TRUE 1
154f:bm7f 0.5041 1 0.7219 TRUE 1
154f:bm8f 0.688 0.4461 0.7218 TRUE 1
154f:ch1f 0.5386 1 1 TRUE 1
154f:ch4f 0.7815 1 0.261 TRUE 1
154f:ch5f 0.7678 1 1 TRUE 1
154f:ch6f 0.3836 0.4452 0.4283 TRUE 1
154f:l1f 2.34e-12 5.689e-06 5.552e-11 1.978e-34 0.007334
154f:l3f 1.635e-07 2.567e-05 1.702e-08 1.624e-17 0.7281
154f:l4f 9.424e-11 3.514e-06 7.857e-15 4.483e-47 0.0004547
154f:l5f 2.095e-08 1.858e-05 6.714e-13 6.588e-31 0.04468
154f:r10f 0.7323 1 0.6544 TRUE 1
154f:r4f 0.8514 0.4828 0.1551 TRUE 1
154f:r5f 0.04885 0.5976 0.1889 0.2564 0.7472
154f:r8f 0.09145 1 0.7263 TRUE 1
154f:r9f 0.3523 0.4589 1 TRUE 1
157m:163m 0 9.401e-08 4.633e-25 0 TRUE
157m:169m 0 9.461e-13 4.314e-41 0 TRUE
157m:175m 8.216e-46 0.0001106 7.081e-07 1.399e-67 TRUE
157m:181m 1.118e-45 5.259e-11 1.834e-17 TRUE TRUE
157m:187m 8.885e-24 2.745e-07 2.438e-09 TRUE TRUE
157m:4370m 0.1523 0.01484 0.159 0.0004766 0.6195
157m:4373m 0.004737 0.07769 0.02491 0.004918 0.05689
157m:49m 0.5556 1 0.04931 TRUE 1
157m:52m 0.3311 1 0.1355 TRUE 1
157m:97m 3.244e-05 2.267e-05 5.207e-07 TRUE 1
157m:a13m 1.429e-05 0.02758 0.001579 1.77e-11 0.01691
157m:a1m 0.05868 0.02352 0.01669 TRUE 1
157m:a21m 0.3056 3.242e-05 0.00841 TRUE 1
157m:a22m 0.001896 9.385e-05 5.5e-12 TRUE 1
157m:a27m 1.389e-06 0.02977 0.003509 4.991e-10 0.4353
157m:a28m 8.484e-13 0.0008752 7.344e-08 TRUE 1
157m:a29m 0.005832 0.128 0.001297 TRUE 1
157m:a30m 0.001048 0.03704 0.2217 TRUE 1
157m:a7m 0.9503 0.6216 0.161 0.07783 0.7394
157m:a8m 1.07e-09 1.816e-09 3.416e-20 2.255e-34 0.169
157m:a9m 0.05532 0.004787 0.001717 TRUE 1
157m:ADr1um 0.3212 0.5897 0.5481 0.009937 0.4519
157m:bm1m 0.456 0.622 0.7747 TRUE 1
157m:bm2m 0.8807 0.2415 0.5716 TRUE 1
157m:bm4m 0.8803 1 1 TRUE 1
157m:bm5m 0.4648 1 0.03042 TRUE 1
157m:bm6m 0.1691 0.2761 0.09253 TRUE 1
157m:bm7m 0.2679 0.2764 0.1761 TRUE 1
157m:bm8m 0.8487 0.6218 0.1513 TRUE 1
157m:ch1m 0.5387 0.2437 0.04688 TRUE 1
157m:ch4m 0.7215 0.6218 0.05007 TRUE 1
157m:ch5m 0.4462 0.622 0.7746 TRUE 1
157m:ch6m 0.279 1 0.1355 TRUE 1
157m:l1m 6.365e-33 2.124e-11 8.396e-20 1.199e-54 0.0004527
157m:l2m 7.708e-09 1.02e-07 4.484e-12 5.539e-19 0.1656
157m:l3m 2.275e-12 2.672e-06 9.75e-10 1.545e-22 0.000226
157m:l4m 2.394e-26 8.187e-08 7.879e-22 5.374e-46 0.06128
157m:l5m 1.139e-08 0.0004523 2.504e-12 5.103e-24 0.526
157m:r10m 0.9169 0.2099 0.2009 TRUE 1
157m:r4m 0.28 1 0.09934 TRUE 1
157m:r5m 0.0003175 0.004171 0.0001364 1.662e-08 0.4963
157m:r8m 0.003668 0.3335 1 TRUE 1
157m:r9m 0.2856 0.2677 0.1674 TRUE 1
159f:165f 0 7.832e-05 1.717e-25 0 TRUE
159f:171f 4.941e-324 1.421e-17 3.554e-61 0 TRUE
159f:177f 5.486e-21 0.0003441 2.173e-07 3.295e-36 TRUE
159f:183f 3.367e-34 2.82e-16 3.454e-29 2.349e-68 TRUE
159f:189f 2.304e-20 0.00206 1.399e-09 1.346e-35 TRUE
159f:4371f 0.2177 0.3872 0.02372 0.001962 0.8105
159f:4374f 0.09594 0.3854 0.07012 0.01754 TRUE
159f:48f 0.005132 0.6566 1 TRUE 1
159f:51f 0.5119 0.008438 0.002521 TRUE 1
159f:96f 0.003257 0.00117 0.0005455 TRUE 1
159f:99f 0.967 0.1217 0.642 TRUE 1
159f:a13f 1.277e-05 0.03464 0.0007798 2.002e-08 0.06356
159f:a1f 0.03479 0.6735 0.3018 TRUE 1
159f:a21f 0.003235 1 0.8288 TRUE 1
159f:a22f 1.293e-06 0.001539 1.157e-05 TRUE 1
159f:a27f 0.0001277 0.6855 0.007291 9.137e-07 0.4172
159f:a28f 6.356e-18 1.016e-06 2.228e-06 TRUE 1
159f:a29f 1.337e-05 0.1076 0.0004451 TRUE 1
159f:a30f 1.894e-06 0.001449 9.908e-06 2.151e-11 0.5197
159f:a7f 0.0001787 0.3533 1 0.003016 0.1637
159f:a8f 3.949e-20 3.967e-20 3.56e-31 6.502e-55 0.5059
159f:a9f 0.113 1 0.04828 TRUE 1
159f:ADr1uf 0.6016 1 0.1545 0.02504 0.5651
159f:bm1f 0.01691 0.127 0.1017 TRUE 1
159f:bm2f 0.9672 1 0.03636 TRUE 1
159f:bm4f 0.8379 1 0.8201 TRUE 1
159f:bm5f 0.09452 0.1484 1 TRUE 1
159f:bm6f 0.5674 0.6455 0.02592 TRUE 1
159f:bm7f 0.2386 1 0.1287 TRUE 1
159f:bm8f 0.01137 0.153 0.1236 TRUE 1
159f:ch1f 0.02238 0.3688 0.6517 TRUE 1
159f:ch4f 0.7248 1 0.6401 TRUE 1
159f:ch5f 0.4105 0.63 0.1649 TRUE 1
159f:ch6f 0.1078 0.1219 1 TRUE 1
159f:l1f 7.631e-53 1.852e-13 4.281e-36 7.768e-89 0.003871
159f:l2f 8.649e-14 0.00115 8.557e-10 2.546e-35 0.223
159f:l3f 9.907e-14 9.228e-08 4.397e-11 9.404e-31 3.237e-10
159f:l4f 1.37e-37 1.715e-12 1.277e-26 8.337e-74 0.01039
159f:l5f 1.173e-15 0.001423 6.689e-13 5.872e-42 0.2447
159f:r10f 0.1896 0.318 0.2984 TRUE 1
159f:r4f 0.1111 1 0.2872 TRUE 1
159f:r5f 5.918e-06 0.03783 0.0009805 0.3362 0.8342
159f:r8f 0.01086 0.183 0.1355 TRUE 1
159f:r9f 0.1737 0.1475 0.003175 TRUE 1
163m:169m 1.918e-25 7.985e-08 6.119e-14 1.754e-30 TRUE
163m:175m 5.367e-198 2.732e-21 2.97e-51 2.441e-271 TRUE
163m:181m 1.339e-67 6.448e-09 1.624e-14 3.321e-88 TRUE
163m:187m 3.204e-121 3.341e-10 1.303e-20 TRUE TRUE
163m:4370m 0.2425 1 0.03071 0.01026 0.6007
163m:4373m 0.4452 0.7215 1 TRUE 1
163m:49m 0.041 0.7124 0.5052 TRUE 1
163m:52m 0.1148 0.7042 0.377 TRUE 1
163m:97m 1.548e-11 2.159e-10 5.33e-15 TRUE 1
163m:a13m 6.398e-05 0.03371 0.003185 1.076e-09 0.2728
163m:a1m 0.1497 0.2787 0.001651 TRUE 1
163m:a21m 0.2378 0.003902 0.0009769 TRUE 1
163m:a22m 0.06686 0.01024 0.0785 TRUE 1
163m:a27m 0.003535 0.02573 0.2734 8.618e-06 0.8548
163m:a28m 0.03778 0.06955 0.06915 TRUE 1
163m:a29m 0.009147 0.000143 0.001566 TRUE 1
163m:a30m 0.06087 0.04055 0.0889 TRUE 1
163m:a7m 0.1832 1 0.6711 0.4124 0.8817
163m:a8m 4.139e-08 2.502e-05 1.992e-09 5.851e-23 0.09073
163m:a9m 0.1148 0.07426 0.06766 TRUE 1
163m:ADr1um 0.9129 0.6973 0.6495 TRUE 1
163m:bm1m 0.05727 0.1289 0.8271 TRUE 1
163m:bm2m 0.4211 0.706 0.8218 TRUE 1
163m:bm4m 0.5178 1 0.823 TRUE 1
163m:bm5m 0.2709 0.7223 0.3993 TRUE 1
163m:bm6m 0.0294 0.4551 0.04999 TRUE 1
163m:bm7m 0.2674 0.7219 0.05266 TRUE 1
163m:bm8m 0.7321 1 0.6629 TRUE 1
163m:ch1m 0.532 1 0.1163 TRUE 1
163m:ch4m 0.6847 0.261 0.3789 TRUE 1
163m:ch5m 0.8157 0.7096 1 TRUE 1
163m:ch6m 0.2849 0.4339 0.1213 TRUE TRUE
163m:l1m 4.458e-25 1.28e-09 2.418e-14 4.465e-32 0.3216
163m:l2m 2.373e-13 9.662e-05 1.707e-07 2.844e-23 0.1183
163m:l3m 1.851e-16 2.52e-08 1.103e-11 7.536e-31 0.001475
163m:l4m 1.226e-17 3.609e-05 8.919e-09 7.239e-35 0.001644
163m:l5m 3.945e-11 0.0007186 7.324e-07 2.41e-20 0.0004398
163m:r10m 0.1409 0.6743 0.6183 TRUE 1
163m:r4m 0.02177 0.4565 0.6693 TRUE 1
163m:r5m 0.004341 3.998e-05 0.009995 7.911e-05 0.3835
163m:r8m 0.2627 0.7325 0.2357 TRUE 1
163m:r9m 0.4136 0.4432 0.2801 0.1748 0.3899
165f:171f 1.658e-23 2.423e-07 1.325e-13 7.251e-28 TRUE
165f:177f 5.341e-110 1.218e-29 1.184e-53 1.649e-166 TRUE
165f:183f 1.814e-74 8.965e-14 8.028e-31 4.949e-98 TRUE
165f:189f 1.205e-109 3.435e-13 2.959e-32 4.575e-132 TRUE
165f:4371f 0.01571 0.7295 0.03331 0.0004115 0.1044
165f:4374f 0.08674 0.009705 0.001816 0.06125 0.9437
165f:48f 0.01469 0.7413 0.1417 TRUE 1
165f:51f 0.09756 0.1718 0.8464 TRUE 1
165f:96f 3.438e-07 2.607e-07 6.401e-10 TRUE 1
165f:99f 0.5255 8.456e-06 1.335e-06 TRUE 1
165f:a13f 0.004947 0.001052 1.901e-05 0.1137 0.967
165f:a1f 0.07371 0.5313 0.0787 0.284 0.5324
165f:a21f 0.001418 7.089e-06 2.081e-06 2.826e-05 0.627
165f:a22f 0.05437 1 4.076e-06 0.1304 1
165f:a27f 0.0004624 0.7573 0.2614 0.0002775 0.6986
165f:a28f 0.03278 0.0005892 0.000162 TRUE 1
165f:a29f 0.001258 0.1372 9.338e-05 TRUE 1
165f:a30f 2.325e-05 0.5551 0.006641 1.174e-11 0.2811
165f:a7f 0.02431 0.7283 0.4388 0.002585 0.5164
165f:a8f 1.905e-06 1.513e-08 2.982e-16 1.731e-33 0.004987
165f:a9f 0.8398 1 0.2583 TRUE 1
165f:ADr1uf 0.6042 1 0.2255 0.1159 0.9105
165f:bm1f 0.9839 0.2904 1 TRUE 1
165f:bm2f 0.1895 0.5002 0.1225 TRUE 1
165f:bm4f 0.8058 0.4881 0.1668 TRUE 1
165f:bm5f 0.2268 0.7369 0.1908 0.1092 0.8552
165f:bm6f 0.7726 0.181 0.5804 TRUE 1
165f:bm7f 0.02719 1 0.3534 TRUE 1
165f:bm8f 0.2931 0.08842 0.0033 TRUE 1
165f:ch1f 0.8554 1 0.1666 TRUE 1
165f:ch4f 0.2455 0.4764 1 TRUE 1
165f:ch5f 0.8065 1 0.8402 TRUE 1
165f:ch6f 0.7945 0.7265 0.8469 TRUE 1
165f:l1f 1.787e-19 3.313e-09 3.663e-21 1.854e-56 0.0002874
165f:l2f 1.638e-16 0.0001303 3.245e-17 6.044e-48 6.753e-08
165f:l3f 9.201e-20 1.138e-05 5.74e-17 1.762e-41 0.1232
165f:l4f 2.525e-20 1.188e-05 5.096e-22 8.369e-66 0.03443
165f:l5f 5.194e-18 2.495e-07 4.941e-23 1.679e-55 3.599e-07
165f:r10f 0.08262 0.1439 0.1467 TRUE 1
165f:r4f 0.6298 1 0.7088 TRUE 1
165f:r5f 0.001266 0.1379 0.1451 0.2373 0.5469
165f:r8f 0.4372 0.7522 0.3693 TRUE 1
165f:r9f 0.6682 0.03228 0.01247 TRUE 1
169m:175m 2.719e-256 0.08698 1.496e-12 0 TRUE
169m:181m 0 1.509e-12 9.537e-47 0 TRUE
169m:187m 1.538e-58 0.117 8.908e-05 TRUE TRUE
169m:4370m 0.1581 0.2387 0.1081 0.003185 0.9449
169m:4373m 0.01771 0.06614 0.1139 0.006323 0.8706
169m:49m 0.7225 1 0.03014 TRUE 1
169m:52m 0.5673 1 0.7822 TRUE 1
169m:97m 0.03354 0.009552 0.000734 TRUE 1
169m:a13m 0.0001256 7.102e-06 5.632e-05 6.207e-10 1.611e-05
169m:a1m 0.007388 0.01594 0.01745 TRUE 1
169m:a21m 0.06333 1 0.1162 TRUE 1
169m:a22m 0.0002856 0.004399 5.755e-05 TRUE 1
169m:a27m 1.059e-05 0.004485 0.001642 2.911e-09 1
169m:a28m 2.609e-20 3.583e-08 1.948e-11 1.183e-30 TRUE
169m:a29m 0.01668 0.116 0.003692 TRUE 1
169m:a30m 0.0007218 0.03239 4.041e-05 TRUE 1
169m:a7m 0.2436 0.6216 0.7962 0.06448 0.8513
169m:a8m 1.824e-20 5.718e-19 1.278e-28 1.684e-42 0.0001184
169m:a9m 0.001789 5.428e-05 0.0007974 TRUE 1
169m:ADr1um 0.6008 0.5674 1 0.002132 1
169m:bm1m 0.4273 1 0.5864 TRUE 1
169m:bm2m 0.4502 0.05099 1 TRUE 1
169m:bm4m 0.8478 1 0.7782 TRUE 1
169m:bm5m 0.02482 0.257 0.2844 TRUE 1
169m:bm6m 0.7336 0.07495 0.2906 TRUE 1
169m:bm7m 0.3052 0.07331 0.596 TRUE 1
169m:bm8m 0.09274 0.237 0.7856 TRUE 1
169m:ch1m 0.9325 0.591 1 TRUE 1
169m:ch4m 0.1012 0.6066 0.2765 TRUE 1
169m:ch5m 0.1343 0.5949 1 TRUE 1
169m:ch6m 0.9324 1 0.05102 TRUE 1
169m:l1m 5.564e-38 4.546e-12 1.085e-25 3.857e-58 0.0001342
169m:l2m 1.094e-07 5.147e-07 3.867e-06 1.033e-11 3.704e-10
169m:l3m 2.782e-07 0.0001131 0.0001553 5.696e-14 0.0002841
169m:l4m 1.083e-33 4.164e-07 1.373e-20 3.608e-52 0.0002893
169m:l5m 8.568e-08 0.01092 0.0001848 2.077e-13 0.1938
169m:r10m 0.5291 0.05261 0.3573 TRUE 1
169m:r4m 0.2129 0.2641 0.06717 TRUE 1
169m:r5m 0.0001357 0.6655 0.06304 3.396e-06 0.0005728
169m:r8m 0.01268 0.09329 0.005159 TRUE 1
169m:r9m 0.6802 0.06098 0.1043 TRUE 1
171f:177f 0 0.03295 1.139e-08 0 TRUE
171f:183f 0 1.77e-17 2.429e-41 0 TRUE
171f:189f 1.434e-146 0.04209 2.236e-05 5.188e-194 TRUE
171f:4371f 0.5191 0.03624 0.0167 0.001418 1
171f:4374f 0.3725 0.1403 0.06403 TRUE 1
171f:48f 0.000457 1 0.0003527 TRUE 1
171f:51f 0.0003042 0.03493 2.81e-05 TRUE 1
171f:96f 0.6583 0.02753 0.02795 TRUE 1
171f:99f 0.1355 0.1109 0.1795 TRUE 1
171f:a13f 0.0006981 0.008774 8.235e-05 0.2333 0.5844
171f:a1f 0.6415 0.6646 0.4768 TRUE 1
171f:a21f 0.0009392 0.3978 0.203 TRUE 1
171f:a22f 1.681e-07 0.0009617 2.539e-06 TRUE 1
171f:a27f 0.0005972 0.004432 0.0006512 3.672e-07 0.1684
171f:a28f 2.991e-32 1.38e-05 1.062e-10 TRUE TRUE
171f:a29f 5.085e-06 0.1062 0.003784 TRUE 1
171f:a30f 9.003e-07 0.02424 5.057e-05 2.691e-14 0.3715
171f:a7f 0.01606 1 0.4154 9.873e-07 0.5473
171f:a8f 2.233e-29 5.339e-23 2.572e-33 4.985e-59 0.008828
171f:a9f 0.001217 0.6497 0.07299 TRUE 1
171f:ADr1uf 0.6737 0.1053 0.1705 TRUE 1
171f:bm1f 0.4789 0.1168 0.7883 TRUE 1
171f:bm2f 0.681 0.1241 0.793 TRUE 1
171f:bm4f 0.2163 0.02875 0.1837 TRUE 1
171f:bm5f 0.003236 1 0.3168 0.1328 0.9487
171f:bm6f 0.01821 0.3891 0.6077 0.008968 1
171f:bm7f 0.2714 1 0.3161 0.009311 1
171f:bm8f 0.3826 0.1314 0.05952 TRUE 1
171f:ch1f 5.085e-05 1 0.05489 TRUE 1
171f:ch4f 0.369 0.6294 0.7847 TRUE 1
171f:ch5f 0.59 0.6311 0.2753 TRUE 1
171f:ch6f 0.1191 1 0.05539 TRUE 1
171f:l1f 1.908e-68 5.753e-19 4.197e-31 4.342e-108 TRUE
171f:l2f 3.737e-13 0.003785 1.114e-06 1.714e-36 0.1755
171f:l3f 5.652e-13 3.169e-05 4.649e-05 1.799e-32 0.6171
171f:l4f 9.962e-52 4.869e-16 1.016e-27 1.611e-82 TRUE
171f:l5f 3.149e-18 0.0001621 8.01e-10 1.897e-38 0.06208
171f:r10f 0.6096 0.102 0.04278 TRUE 1
171f:r4f 0.04765 0.6473 1 TRUE 1
171f:r5f 0.001516 0.007882 0.003293 0.08382 0.3915
171f:r8f 0.02468 0.6498 0.01134 TRUE 1
171f:r9f 0.4988 0.1378 0.2964 TRUE 1
175m:181m 1.252e-247 8.078e-07 1.256e-21 0 TRUE
175m:187m 0 1.508e-15 2.116e-37 0 TRUE
175m:4370m 0.4998 0.1143 0.02492 0.07328 0.7751
175m:4373m 0.2169 0.431 0.2642 TRUE 1
175m:49m 0.2727 0.2436 0.1631 TRUE 1
175m:52m 0.06792 1 0.8198 TRUE 1
175m:97m 4.169e-05 2.155e-09 6.655e-11 TRUE 1
175m:a13m 7.761e-05 0.7184 0.002384 6.737e-10 0.006011
175m:a1m 0.1279 0.4502 0.0005898 TRUE 1
175m:a21m 0.3991 0.1224 0.00406 TRUE 1
175m:a22m 0.1736 0.005259 0.006157 TRUE 1
175m:a27m 0.01376 1 0.2011 1.661e-05 0.07119
175m:a28m 0.09335 1 0.0002089 TRUE 1
175m:a29m 0.1319 0.5038 0.04728 TRUE 1
175m:a30m 0.0123 0.7282 0.6895 TRUE 1
175m:a7m 0.4821 0.4297 0.5014 0.001584 0.2029
175m:a8m 5.444e-06 0.1943 1.151e-06 9.222e-16 0.01366
175m:a9m 0.2195 0.1628 0.6705 TRUE 1
175m:ADr1um 0.5256 1 0.6358 0.1111 0.8541
175m:bm1m 0.4575 1 0.492 TRUE 1
175m:bm2m 0.5607 0.6926 0.0004617 TRUE 1
175m:bm4m 0.773 0.6971 1 TRUE 1
175m:bm5m 0.01744 0.2615 0.1825 TRUE 1
175m:bm6m 0.2047 0.4399 0.2697 TRUE 1
175m:bm7m 0.1543 1 0.3776 0.02929 0.9205
175m:bm8m 0.3864 0.00751 0.1714 TRUE 1
175m:ch1m 0.7878 0.6894 0.8199 TRUE 1
175m:ch4m 0.1874 0.6848 0.2469 TRUE 1
175m:ch5m 0.9498 0.2209 0.4908 TRUE 1
175m:ch6m 0.2016 0.09379 0.3597 TRUE 1
175m:l1m 7.553e-15 0.0004341 3.566e-16 3.02e-33 0.0004689
175m:l2m 3.314e-11 0.0001482 9.6e-06 4.41e-20 0.5316
175m:l3m 1.065e-14 0.001255 1.853e-08 7.876e-28 0.9502
175m:l4m 1.691e-13 0.05014 1.834e-13 3.35e-25 0.0602
175m:l5m 3.067e-09 0.005193 1.263e-06 7.766e-18 0.0001354
175m:r10m 0.5341 1 0.5994 TRUE 1
175m:r4m 0.7551 0.1259 0.5154 TRUE 1
175m:r5m 0.001369 0.7651 0.2088 7.643e-06 0.1583
175m:r8m 0.01194 0.7214 0.5295 TRUE 1
175m:r9m 0.5167 0.03152 0.3723 TRUE 1
177f:183f 0 1.468e-19 5.426e-48 0 TRUE
177f:189f 4.941e-324 1.858e-19 8.219e-60 0 TRUE
177f:4371f 0.9373 0.6729 0.4054 0.02719 0.3884
177f:4374f 0.2343 1 0.1422 0.02342 0.461
177f:48f 0.1159 0.4176 0.6889 TRUE 1
177f:51f 0.06405 1 1 TRUE 1
177f:96f 0.05132 0.05716 0.0001748 TRUE 1
177f:99f 0.3266 0.6586 0.03114 TRUE 1
177f:a13f 0.006201 0.001215 0.00169 TRUE 1
177f:a1f 0.1907 0.1231 0.002844 TRUE 1
177f:a21f 0.008951 0.005428 2.384e-06 TRUE 1
177f:a22f 0.003013 0.4727 2.33e-05 TRUE 1
177f:a27f 0.1027 0.446 0.005316 0.001232 0.6664
177f:a28f 0.05699 4.545e-06 2.92e-09 TRUE 1
177f:a29f 0.09808 1 0.03258 TRUE 1
177f:a30f 1.607e-05 0.4711 0.04593 0.0009444 0.173
177f:a7f 0.9194 1 0.8306 0.0388 0.5905
177f:a8f 5.192e-08 5.544e-12 2.314e-16 8.723e-33 0.02303
177f:a9f 0.2454 1 0.4094 TRUE 1
177f:ADr1uf 0.1536 0.1788 0.6645 0.2351 0.8981
177f:bm1f 0.5917 0.178 0.2681 TRUE 1
177f:bm2f 0.1919 0.667 0.5247 TRUE 1
177f:bm4f 0.8885 0.2019 1 TRUE 1
177f:bm5f 0.002381 1 0.1532 0.06452 1
177f:bm6f 0.02078 1 0.06462 TRUE 1
177f:bm7f 0.4162 0.6832 0.298 TRUE 1
177f:bm8f 0.1537 0.6788 0.1399 TRUE 1
177f:ch1f 0.05965 0.1901 0.3952 TRUE 1
177f:ch4f 0.1792 0.6522 0.8265 TRUE 1
177f:ch5f 0.3908 0.6521 0.5084 TRUE 1
177f:ch6f 0.748 0.6572 0.5215 TRUE 1
177f:l1f 4.607e-21 2.15e-19 1.609e-21 4.549e-63 5.732e-05
177f:l2f 1.805e-13 6.389e-12 1.687e-25 8.72e-52 2.904e-06
177f:l3f 2.258e-17 2.845e-09 3.496e-24 4.988e-47 0.006722
177f:l4f 8.581e-30 1.769e-18 2.161e-27 1.69e-66 0.001539
177f:l5f 5.622e-14 8.523e-12 5.023e-31 1.802e-59 0.0884
177f:r10f 0.7619 0.6521 1 TRUE 1
177f:r4f 0.1006 1 0.2191 TRUE 1
177f:r5f 0.02146 0.06453 0.06977 6.309e-05 0.7694
177f:r8f 0.1167 1 0.692 TRUE 1
177f:r9f 0.3604 0.0754 0.143 TRUE TRUE
181m:187m 0 0.0009089 1.695e-17 0 TRUE
181m:4370m 0.4679 0.29 0.06899 0.0148 1
181m:4373m 0.6881 1 1 0.006151 0.8237
181m:49m 0.273 1 1 TRUE 1
181m:52m 0.7667 1 0.7233 TRUE 1
181m:97m 0.03734 0.2671 0.04963 TRUE 1
181m:a13m 7.928e-05 0.005624 0.001131 3.189e-06 0.1277
181m:a1m 0.1457 0.3189 0.3117 TRUE 1
181m:a21m 0.3179 0.2988 0.07752 TRUE 1
181m:a22m 0.1129 0.005698 1.105e-05 TRUE 1
181m:a27m 0.009147 0.05356 0.04299 1.547e-05 0.2394
181m:a28m 3.811e-12 0.05658 1.623e-05 TRUE 1
181m:a29m 0.02752 1 0.006936 TRUE 1
181m:a30m 3.594e-05 0.06493 0.2109 TRUE 1
181m:a7m 0.5271 1 0.7241 0.0008092 0.259
181m:a8m 2.723e-14 0.0006777 1.009e-10 6.924e-27 0.01849
181m:a9m 0.1522 0.3287 0.03692 TRUE 1
181m:ADr1um 0.5684 1 1 0.007067 0.9336
181m:bm1m 0.705 1 1 TRUE 1
181m:bm2m 0.6796 1 0.7225 TRUE 1
181m:bm4m 0.6941 1 1 TRUE 1
181m:bm5m 0.04984 1 0.08281 TRUE 1
181m:bm6m 0.5167 1 0.4874 TRUE 1
181m:bm7m 0.6203 1 0.289 TRUE 1
181m:bm8m 0.01679 0.285 1 TRUE 1
181m:ch1m 0.611 1 1 TRUE 1
181m:ch4m 0.3309 1 0.7237 TRUE 1
181m:ch5m 0.5556 0.2428 0.4769 TRUE 1
181m:ch6m 0.6182 1 1 TRUE 1
181m:l1m 1.323e-25 0.0001808 3.338e-19 4.547e-36 0.0009419
181m:l2m 7.895e-07 0.01365 1.772e-06 1.691e-10 0.3142
181m:l3m 6.242e-07 0.01704 8.439e-07 8.065e-10 0.006287
181m:l4m 1.942e-27 0.002703 1.007e-12 4.716e-35 0.001998
181m:l5m 7.01e-08 0.08733 0.0004044 2.027e-08 0.6001
181m:r10m 0.2759 0.2717 0.694 TRUE 1
181m:r4m 0.3053 1 1 TRUE 1
181m:r5m 0.0001966 0.4412 0.7844 0.3495 0.8298
181m:r8m 0.2087 1 0.04867 TRUE 1
181m:r9m 0.3668 1 0.06334 TRUE 1
183f:189f 4.941e-324 5.043e-18 6.558e-51 0 TRUE
183f:4371f 0.5684 1 0.2082 0.02166 0.8587
183f:4374f 0.4012 1 0.6259 0.0062 0.7506
183f:48f 0.05786 0.4163 0.8111 TRUE 1
183f:51f 0.006435 0.2143 0.4524 TRUE 1
183f:96f 0.1037 0.4012 1 TRUE 1
183f:99f 0.2459 1 0.7984 TRUE 1
183f:a13f 0.0004472 0.0006158 2.607e-06 TRUE 1
183f:a1f 0.007576 0.1334 0.005953 TRUE 1
183f:a21f 0.0003024 0.2253 0.02474 TRUE 1
183f:a22f 0.00811 0.7205 0.01429 TRUE 1
183f:a27f 0.01059 0.434 0.01606 0.000229 0.9732
183f:a28f 3.458e-16 1.848e-11 1.201e-15 TRUE 1
183f:a29f 0.00032 0.7227 1 TRUE 1
183f:a30f 2.739e-07 1 0.2813 0.02005 0.1643
183f:a7f 0.5176 1 1 0.0002773 0.9559
183f:a8f 1.447e-16 1.174e-15 6.727e-37 2.901e-59 0.001886
183f:a9f 0.002442 1 0.08625 TRUE 1
183f:ADr1uf 0.28 0.1641 0.2835 0.004794 1
183f:bm1f 0.1667 0.6674 1 TRUE 1
183f:bm2f 0.7963 0.6714 1 TRUE 1
183f:bm4f 0.4814 0.06566 0.007552 TRUE 1
183f:bm5f 0.01294 0.6854 0.01383 TRUE 1
183f:bm6f 0.2315 1 1 0.002555 0.6268
183f:bm7f 0.6442 1 0.8053 0.05835 0.3328
183f:bm8f 0.428 1 0.3183 TRUE 1
183f:ch1f 0.357 1 0.4428 TRUE 1
183f:ch4f 0.9678 0.6544 0.7995 TRUE 1
183f:ch5f 0.5698 0.1724 0.01861 TRUE 1
183f:ch6f 0.2128 0.1784 0.6058 TRUE 1
183f:l1f 8.297e-57 5.968e-19 2.894e-36 4.426e-91 TRUE
183f:l2f 8.146e-20 1.707e-14 1.42e-24 4.247e-47 0.495
183f:l3f 2.806e-21 4.512e-14 1.076e-18 9.848e-36 0.3995
183f:l4f 1.754e-49 2.525e-21 5.574e-42 8.295e-107 TRUE
183f:l5f 1.497e-23 1.398e-18 1.044e-28 2.28e-60 0.04313
183f:r10f 0.1 0.6404 0.7698 TRUE 1
183f:r4f 0.05488 0.2371 0.808 TRUE 1
183f:r5f 0.0001704 1 0.01919 TRUE 1
183f:r8f 0.01299 0.4237 0.6367 TRUE 1
183f:r9f 0.4437 0.01922 0.07834 TRUE 1
187m:4370m 0.8822 0.2849 0.03408 0.001946 0.02799
187m:4373m 0.5039 0.292 1 TRUE 1
187m:49m 0.28 1 0.02823 TRUE 1
187m:97m 0.04903 0.2738 0.5067 TRUE 1
187m:a13m 0.0009304 0.05979 0.323 6.995e-05 0.1478
187m:a1m 0.3104 1 0.7586 TRUE 1
187m:a21m 0.007625 0.04185 0.0132 TRUE 1
187m:a22m 0.003729 0.005525 3.691e-05 TRUE 1
187m:a27m 0.002742 0.05482 1 0.07271 0.3552
187m:a28m 0.005518 0.05122 0.02494 TRUE 1
187m:a29m 0.09193 1 0.5666 TRUE 1
187m:a30m 0.0007728 1 1 TRUE 1
187m:a7m 0.1226 0.2875 0.7339 0.001167 0.005809
187m:a8m 1.812e-06 0.0877 0.001214 2.8e-14 0.1402
187m:a9m 0.07133 1 1 TRUE 1
187m:ADr1um 0.6437 1 0.7275 0.2289 1
187m:bm1m 0.9828 0.2811 0.2908 TRUE 1
187m:bm2m 0.1414 1 1 TRUE 1
187m:bm4m 0.7078 0.2697 0.2805 TRUE 1
187m:bm5m 0.7275 0.3082 0.3239 TRUE 1
187m:bm6m 0.0468 1 0.7355 TRUE 1
187m:bm7m 0.1385 1 0.517 TRUE 1
187m:bm8m 0.613 0.2929 0.03201 TRUE 1
187m:ch1m 0.5024 0.2746 1 TRUE 1
187m:ch4m 0.8463 1 0.1742 TRUE 1
187m:ch5m 0.6481 1 0.7301 TRUE 1
187m:ch6m 0.1055 0.2694 1 TRUE 1
187m:l1m 1.598e-16 0.003218 4.511e-09 2.614e-28 0.006631
187m:l2m 4.561e-08 0.001086 0.0002226 3.723e-11 0.0053
187m:l3m 5.18e-08 0.01776 2.995e-05 2.88e-11 0.1743
187m:l4m 6.513e-19 0.0001351 1.419e-09 1.646e-26 0.008404
187m:l5m 2.026e-06 0.01031 0.004134 2.148e-09 0.1231
187m:r10m 0.2274 1 1 TRUE 1
187m:r4m 0.869 1 0.5191 TRUE TRUE
187m:r5m 8.051e-05 1 0.1124 1.181e-08 0.175
187m:r8m 0.502 1 0.7682 TRUE 1
187m:r9m 0.831 0.2813 0.5177 TRUE 1
189f:4371f 0.683 0.3244 0.5032 0.0009774 0.886
189f:4374f 0.1045 0.7421 0.07287 0.0008357 0.05437
189f:48f 0.1445 0.5212 0.2817 TRUE 1
189f:51f 0.06404 0.323 0.8242 TRUE 1
189f:96f 0.006691 1 0.1019 TRUE TRUE
189f:99f 0.1517 1 0.348 TRUE 1
189f:a13f 0.00178 2.942e-05 5.586e-06 TRUE 1
189f:a1f 0.08671 0.1217 0.03641 TRUE 1
189f:a21f 0.05545 0.04704 0.01511 TRUE 1
189f:a22f 0.005131 0.576 0.07796 TRUE 1
189f:a27f 0.03783 0.1239 0.3869 0.001972 0.3332
189f:a28f 4.155e-06 2.242e-13 9.011e-14 TRUE 1
189f:a29f 0.5126 0.5804 0.3339 TRUE 1
189f:a30f 0.0009478 0.3838 0.243 TRUE 1
189f:a7f 0.3477 1 0.3669 0.00736 0.8847
189f:a8f 1.566e-12 2.301e-19 4.596e-25 4.152e-40 0.1378
189f:a9f 0.03944 1 0.8256 TRUE 1
189f:ADr1uf 0.676 0.06512 0.471 TRUE 1
189f:bm1f 0.6873 0.3043 0.01759 TRUE 1
189f:bm2f 0.5779 1 0.4937 TRUE 1
189f:bm4f 0.4711 0.3078 1 TRUE 1
189f:bm5f 0.2481 0.3532 0.03085 TRUE 1
189f:bm6f 0.4304 0.748 0.825 TRUE 1
189f:bm7f 0.8166 0.3344 0.5042 TRUE 1
189f:bm8f 0.3517 1 0.6504 TRUE 1
189f:ch1f 0.4459 1 0.6553 TRUE 1
189f:ch4f 0.4605 0.1738 1 TRUE 1
189f:ch5f 0.855 0.7284 0.4855 TRUE 1
189f:ch6f 0.05201 0.5156 0.6476 TRUE 1
189f:l1f 7.277e-28 1.794e-30 7.095e-45 6.984e-88 0.01669
189f:l2f 3.386e-20 9.081e-23 8.881e-33 1.746e-53 0.02084
189f:l3f 1.956e-19 9.786e-16 7.603e-24 9.129e-41 0.03888
189f:l4f 8.796e-33 3.245e-33 2.172e-49 2.303e-110 0.0268
189f:l5f 1.241e-20 4.04e-25 1.129e-36 8.415e-65 4.837e-05
189f:r10f 0.1245 1 0.6066 TRUE 1
189f:r4f 0.72 0.7496 0.8299 TRUE 1
189f:r5f 0.0841 0.7766 0.1235 TRUE 1
189f:r8f 0.03992 0.5332 0.8349 TRUE 1
189f:r9f 0.02845 0.04686 0.2761 TRUE 1
4370m:4373m 6.725e-06 1.269e-10 1.015e-09 0.01682 TRUE
4370m:49m 0.8407 0.414 0.4121 TRUE 1
4370m:52m 0.3665 0.6964 0.7918 TRUE 1
4370m:97m 0.373 0.2416 0.4065 TRUE 1
4370m:a13m 0.6979 0.07923 0.001412 0.08666 0.7202
4370m:a1m 0.8035 1 0.8273 TRUE 1
4370m:a21m 0.1269 1 1 TRUE 1
4370m:a22m 0.08664 1 0.02448 TRUE 1
4370m:a27m 0.3862 0.1495 0.5558 0.1111 0.8138
4370m:a28m 0.7104 0.6492 0.004884 TRUE 1
4370m:a29m 0.3801 0.7378 0.2268 TRUE 1
4370m:a30m 0.08098 0.5153 0.6872 TRUE 1
4370m:a7m 0.9088 0.722 0.3617 TRUE 1
4370m:a8m 0.8615 0.00187 0.0005418 4.592e-06 0.4969
4370m:a9m 0.4113 1 0.4903 TRUE 1
4370m:ADr1um 0.8043 1 0.1568 0.07108 0.952
4370m:bm1m 0.3914 0.7199 0.03928 TRUE 1
4370m:bm2m 0.2044 1 0.1799 TRUE 1
4370m:bm4m 0.5887 0.03819 0.01769 TRUE 1
4370m:bm5m 0.1264 0.7223 0.129 TRUE 1
4370m:bm6m 1 1 0.1874 0.1471 0.8079
4370m:bm7m 0.6269 0.4606 0.5063 0.1172 0.6446
4370m:bm8m 0.4467 1 0.5008 TRUE 1
4370m:ch1m 0.5734 1 1 TRUE 1
4370m:ch4m 0.8211 0.2658 0.496 TRUE 1
4370m:ch5m 0.05879 0.7204 1 TRUE 1
4370m:ch6m 0.7951 0.1336 1 TRUE 1
4370m:l1m 0.1582 0.03191 0.001359 5.579e-06 0.365
4370m:l2m 0.1387 0.0002426 0.001346 3.421e-07 0.3164
4370m:l3m 0.3872 0.00174 0.0002043 1.071e-06 0.05615
4370m:l4m 0.1123 0.1038 0.005156 2.191e-06 0.6786
4370m:l5m 0.7823 0.02501 0.00854 0.00104 0.9893
4370m:r10m 0.5066 0.02259 0.01508 TRUE 1
4370m:r4m 0.564 0.7229 0.2727 TRUE 1
4370m:r5m 0.2132 1 0.7033 0.1471 0.9467
4370m:r8m 0.3225 0.09197 0.06219 TRUE 1
4370m:r9m 0.2148 0.1303 0.04358 TRUE 1
4371f:4374f 1.955e-10 3.742e-06 6.422e-07 1.043e-12 TRUE
4371f:48f 0.5777 1 0.182 TRUE 1
4371f:51f 0.07988 0.6766 0.08576 TRUE 1
4371f:96f 0.2529 0.1756 1 TRUE 1
4371f:99f 0.7934 0.4018 0.2438 TRUE 1
4371f:a13f 0.6363 0.1298 0.463 TRUE 1
4371f:a1f 0.3724 0.05471 0.3413 TRUE 1
4371f:a21f 0.9878 1 1 TRUE 1
4371f:a22f 0.8573 0.02818 0.00736 TRUE 1
4371f:a27f 0.1974 0.02868 0.01584 0.1368 0.5774
4371f:a28f 0.335 0.6515 1 TRUE 1
4371f:a29f 0.05401 0.3009 0.01562 0.208 0.8264
4371f:a30f 0.5604 1 0.5034 0.107 0.697
4371f:a7f 0.3686 0.2409 0.8 0.03815 0.4949
4371f:a8f 0.5586 0.7387 0.6765 0.002133 0.8786
4371f:a9f 0.3695 0.7078 0.6151 TRUE 1
4371f:ADr1uf 0.1809 0.409 0.7981 0.3534 0.9941
4371f:bm1f 0.1498 1 1 TRUE 1
4371f:bm2f 0.2188 0.09982 0.03765 TRUE 1
4371f:bm4f 0.4355 0.421 1 TRUE 1
4371f:bm5f 0.9626 0.438 0.2204 TRUE 1
4371f:bm6f 0.6931 0.7113 0.4555 TRUE 1
4371f:bm7f 0.9499 0.4357 0.4581 TRUE 1
4371f:bm8f 0.4056 0.7041 0.4495 TRUE 1
4371f:ch1f 0.3681 0.6829 0.7999 TRUE 1
4371f:ch4f 0.5704 1 0.4427 TRUE 1
4371f:ch5f 0.1384 1 0.6113 TRUE 1
4371f:ch6f 0.6606 1 0.328 TRUE 1
4371f:l1f 0.1848 0.78 0.07593 5.386e-07 0.4092
4371f:l2f 0.3092 8.482e-05 1.59e-06 4.578e-10 0.6895
4371f:l3f 0.2539 0.000135 3.708e-06 8.982e-12 8.982e-05
4371f:l4f 0.1977 0.00543 0.01022 3.028e-08 0.7884
4371f:l5f 0.1554 9.807e-05 2.073e-06 6.494e-09 0.000225
4371f:r10f 0.07554 1 1 TRUE 1
4371f:r4f 0.2255 0.00972 0.04844 TRUE 1
4371f:r5f 0.06154 0.3114 0.07583 0.001197 0.2027
4371f:r8f 0.818 1 1 TRUE 1
4371f:r9f 0.9122 0.7057 0.8044 TRUE 1
4373m:49m 0.7669 0.4631 1 TRUE 1
4373m:52m 0.9216 1 1 TRUE 1
4373m:97m 0.1148 0.472 0.0004254 TRUE 1
4373m:a13m 0.2818 1 0.5602 0.01575 0.346
4373m:a1m 0.8667 0.5506 0.1222 TRUE 1
4373m:a21m 0.9639 0.0005358 0.01132 TRUE 1
4373m:a22m 0.899 1 1 TRUE 1
4373m:a27m 0.4844 0.3036 0.662 0.7761 0.9505
4373m:a28m 1 0.04395 0.1805 TRUE 1
4373m:a29m 0.1848 1 0.7791 TRUE 1
4373m:a30m 0.9658 0.581 0.1491 TRUE 1
4373m:a7m 0.1888 0.5029 0.105 TRUE 1
4373m:a8m 0.0205 0.2607 0.5957 0.0005957 0.3801
4373m:a9m 0.1869 0.4978 0.2012 TRUE 1
4373m:ADr1um 0.2653 1 0.7345 TRUE 1
4373m:bm1m 0.7004 0.5071 0.7515 TRUE 1
4373m:bm2m 0.7598 0.5045 1 TRUE 1
4373m:bm4m 0.3886 0.4963 0.7462 TRUE 1
4373m:bm5m 0.5706 0.5419 1 TRUE 1
4373m:bm6m 0.2858 1 1 TRUE 1
4373m:bm7m 0.3659 0.5288 0.5333 TRUE 1
4373m:bm8m 0.6671 1 1 TRUE 1
4373m:ch1m 0.4258 1 0.7436 TRUE TRUE
4373m:ch4m 0.2637 0.1438 0.186 TRUE 1
4373m:ch5m 0.3615 0.4971 0.04267 TRUE 1
4373m:ch6m 0.8315 0.4934 0.04439 TRUE 1
4373m:l1m 0.317 0.6493 0.001961 5.892e-08 0.4873
4373m:l2m 0.2052 0.09257 0.001669 2.124e-08 0.01872
4373m:l3m 0.7814 0.004687 4.563e-06 2.76e-09 0.632
4373m:l4m 0.3255 0.007879 0.001065 5.602e-08 0.9075
4373m:l5m 0.3699 0.07793 0.009155 1.006e-05 0.8541
4373m:r10m 0.479 1 0.4004 TRUE TRUE
4373m:r4m 0.4993 1 0.1169 TRUE 1
4373m:r5m 0.2282 1 0.4247 0.003328 0.5228
4373m:r8m 0.8946 0.5742 0.7714 TRUE 1
4373m:r9m 0.5369 1 1 TRUE 1
4374f:48f 0.8554 0.4921 0.7208 TRUE 1
4374f:51f 0.02785 0.45 0.09481 TRUE 1
4374f:96f 0.4934 0.1037 0.6826 TRUE 1
4374f:99f 0.5508 0.4436 0.6888 TRUE 1
4374f:a13f 0.9877 0.5674 1 TRUE 1
4374f:a1f 0.7348 1 0.5628 TRUE 1
4374f:a21f 0.2541 0.001344 0.1248 TRUE 1
4374f:a22f 0.8491 1 0.7862 TRUE 1
4374f:a27f 0.01906 1 1 0.0001558 0.129
4374f:a28f 0.6814 1 0.1945 TRUE 1
4374f:a29f 0.8051 0.2962 0.4161 TRUE 1
4374f:a30f 0.1847 0.6194 1 0.0001085 0.7112
4374f:a7f 0.2724 0.1781 0.7396 TRUE 1
4374f:a8f 0.4864 0.02327 0.05559 0.000863 0.1621
4374f:a9f 0.198 0.5589 1 TRUE 1
4374f:ADr1uf 0.9082 1 1 0.01492 0.6454
4374f:bm1f 0.4216 1 0.3342 TRUE 1
4374f:bm2f 0.8843 0.1805 0.744 TRUE 1
4374f:bm4f 0.4092 1 0.7509 TRUE 1
4374f:bm5f 0.4515 0.59 0.5342 TRUE 1
4374f:bm6f 0.6412 1 0.7597 TRUE 1
4374f:bm7f 0.5487 1 0.7645 TRUE 1
4374f:bm8f 0.7993 0.5631 0.05051 TRUE 1
4374f:ch1f 0.5206 0.5571 0.3373 TRUE 1
4374f:ch4f 0.5042 1 0.7392 TRUE 1
4374f:ch5f 0.9871 0.5547 0.5199 TRUE 1
4374f:ch6f 0.798 0.04224 0.05249 TRUE 1
4374f:l1f 0.5305 0.6774 0.2735 1.363e-05 0.9169
4374f:l2f 0.02192 0.03688 0.001533 3.691e-07 TRUE
4374f:l3f 0.1397 0.009883 0.0002371 1.169e-07 0.09703
4374f:l4f 0.006603 0.6698 0.8209 7.325e-06 0.8766
4374f:l5f 0.2251 0.1466 0.1375 4.131e-05 0.09804
4374f:r10f 0.7083 1 0.3999 TRUE 1
4374f:r4f 0.4519 1 0.1141 TRUE TRUE
4374f:r5f 0.7125 0.6173 0.3699 TRUE 1
4374f:r8f 0.3483 0.6047 0.3683 TRUE 1
4374f:r9f 0.4752 0.5747 0.5307 TRUE 1
48f:51f 2.2e-27 0.03527 0.001297 TRUE TRUE
48f:96f 0.2849 1 0.4223 TRUE 1
48f:99f 0.8779 1 0.1057 TRUE 1
48f:a13f 0.04524 0.01993 0.002494 TRUE 1
48f:a1f 0.07152 0.03802 0.06328 TRUE 1
48f:a21f 0.4718 1 1 TRUE 1
48f:a22f 0.0002809 0.3103 0.3139 0.0002953 0.3518
48f:a27f 0.03594 1 1 0.00038 TRUE
48f:a28f 0.2554 0.2624 0.0891 TRUE 1
48f:a29f 1.104e-08 0.004383 0.0002775 TRUE 1
48f:a30f 3.087e-38 3.355e-06 1.248e-13 2.205e-53 TRUE
48f:a7f 0.7771 1 0.4284 0.1564 0.6766
48f:a8f 0.0002953 0.336 0.001229 1.11e-07 0.06531
48f:a9f 0.8506 1 0.4453 TRUE 1
48f:ADr1uf 0.05803 0.2257 0.007168 TRUE 1
48f:bm1f 0.6913 1 1 TRUE 1
48f:bm2f 0.9853 0.0274 0.008757 TRUE 1
48f:bm4f 0.764 1 0.001486 TRUE 1
48f:bm5f 0.4578 0.255 0.1173 0.7297 1
48f:bm6f 0.1742 1 0.7129 0.01437 1
48f:bm7f 0.05887 1 0.4384 0.1164 0.9055
48f:bm8f 1 0.2549 0.7131 0.1604 0.9828
48f:ch1f 0.242 1 0.7122 TRUE 1
48f:ch4f 0.7613 1 0.03179 TRUE 1
48f:ch5f 0.4131 0.2316 0.425 TRUE 1
48f:ch6f 0.06915 1 1 TRUE 1
48f:l1f 3.788e-10 0.0137 0.01795 5.572e-19 0.1375
48f:l2f 0.02465 1 0.5509 1.723e-09 0.04157
48f:l3f 0.0005118 0.3958 0.5741 4.476e-09 3.739e-07
48f:l4f 7.796e-15 0.0946 0.01079 2.481e-19 0.005135
48f:l5f 0.00434 1 0.2495 7.784e-10 0.07659
48f:r10f 0.0115 1 0.6455 TRUE 1
48f:r4f 0.06533 1 0.05091 TRUE 1
48f:r5f 0.02033 0.05253 0.004956 9.367e-07 0.4882
48f:r8f 0.3668 0.2739 0.005075 TRUE 1
48f:r9f 0.06166 1 1 TRUE 1
49m:52m 4.491e-22 8.434e-05 TRUE TRUE
49m:97m 0.156 1 TRUE 1
49m:a13m 0.12 0.3381 0.01928 0.7157
49m:a1m 0.1213 1 TRUE 1
49m:a21m 0.7825 1 TRUE 1
49m:a22m 0.01229 0.1136 TRUE 1
49m:a27m 0.0004968 1 6.79e-05 0.03155
49m:a28m 0.6507 0.1232 TRUE 1
49m:a29m 0.04861 0.125 TRUE 1
49m:a30m 5.328e-12 0.01593 TRUE 1
49m:a7m 1 0.3885 0.1544 1
49m:a8m 0.008826 0.02643 5.638e-05 0.7103
49m:a9m 0.2789 0.06947 TRUE 1
49m:ADr1um 0.968 1 TRUE 1
49m:bm1m 0.1235 1 TRUE 1
49m:bm2m 0.7098 1 TRUE 1
49m:bm4m 0.1983 0.3716 TRUE 1
49m:bm5m 0.7963 1 TRUE 1
49m:bm6m 0.7211 0.08726 0.09545 0.7193
49m:bm7m 1 0.08817 0.1972 0.9534
49m:bm8m 0.2151 0.3855 TRUE 1
49m:ch1m 0.2272 0.3897 TRUE 1
49m:ch4m 0.1585 0.384 TRUE 1
49m:ch5m 0.6167 0.3895 TRUE 1
49m:ch6m 0.4871 1 TRUE 1
49m:l1m 0.0004745 0.2783 2.268e-07 0.06734
49m:l2m 0.008926 0.5702 3.013e-05 0.002698
49m:l3m 0.01972 0.2164 7.379e-06 0.04396
49m:l4m 0.0002817 0.2476 9.939e-08 0.06714
49m:l5m 0.2046 0.5291 0.0003088 0.6395
49m:r10m 0.2118 0.234 TRUE 1
49m:r4m 0.6296 0.08641 TRUE 1
49m:r5m 0.005601 0.1216 1.845e-06 0.8193
49m:r8m 0.821 0.1125 TRUE 1
49m:r9m 0.2061 0.3958 TRUE 1
51f:96f 0.1862 1 TRUE 1
51f:99f 0.4094 1 TRUE 1
51f:a13f 0.44 0.4706 TRUE 1
51f:a1f 1 1 TRUE 1
51f:a21f 0.4321 0.002776 TRUE 1
51f:a22f 0.07931 1 TRUE 1
51f:a27f 0.6106 1 0.03537 0.1829
51f:a28f 0.6852 1 TRUE 1
51f:a29f 0.0215 0.5806 TRUE 1
51f:a30f 0.0001085 0.5642 1.23e-07 0.0802
51f:a7f 0.6564 0.4533 TRUE 1
51f:a8f 0.0003553 0.2095 4.211e-06 0.05492
51f:a9f 0.7054 0.1173 TRUE 1
51f:ADr1uf 0.1335 1 0.01506 TRUE
51f:bm1f 0.9687 1 TRUE 1
51f:bm2f 0.3397 0.451 TRUE 1
51f:bm4f 0.559 0.4512 TRUE 1
51f:bm5f 0.1292 1 TRUE 1
51f:bm6f 0.5856 0.4771 TRUE 1
51f:bm7f 0.6503 0.4736 TRUE 1
51f:bm8f 0.701 0.01942 TRUE 1
51f:ch1f 0.9844 0.4437 TRUE 1
51f:ch4f 0.3057 1 TRUE 1
51f:ch5f 0.479 1 TRUE 1
51f:ch6f 0.4295 1 TRUE 1
51f:l1f 5.412e-05 1 1.427e-08 0.02978
51f:l2f 0.4556 0.264 1.257e-07 0.3508
51f:l3f 0.5543 0.2945 1.601e-08 0.0174
51f:l4f 2.232e-08 1 4.166e-09 0.00979
51f:l5f 0.06056 0.07506 7.683e-08 0.113
51f:r10f 0.9801 1 TRUE 1
51f:r4f 0.008769 1 TRUE 1
51f:r5f 0.734 0.1473 TRUE 1
51f:r8f 0.07984 0.1438 TRUE 1
51f:r9f 0.06716 1 TRUE 1
52m:97m 0.03159 1 1 TRUE 1
52m:a13m 0.3181 1 1 0.001142 0.7067
52m:a1m 0.6199 1 0.3906 TRUE 1
52m:a21m 0.7835 1 1 TRUE 1
52m:a22m 0.5398 1 0.09581 TRUE 1
52m:a27m 0.2304 1 0.0004446 0.3034
52m:a28m 0.4221 1 TRUE 1
52m:a29m 0.03194 0.06734 0.0968 TRUE 1
52m:a30m 0.03958 0.06816 0.09884 TRUE 1
52m:a7m 0.8327 1 0.3565 0.06917 0.7709
52m:a8m 0.009494 0.07748 0.123 0.002241 0.7496
52m:a9m 0.02128 1 1 TRUE 1
52m:ADr1um 0.8116 1 0.3323 TRUE 1
52m:bm1m 0.4714 1 1 TRUE 1
52m:bm2m 0.8132 1 0.3447 TRUE 1
52m:bm4m 0.3897 1 1 TRUE 1
52m:bm5m 0.1917 1 0.3786 TRUE 1
52m:bm6m 0.9256 1 1 TRUE 1
52m:bm7m 0.2706 1 0.3669 TRUE 1
52m:bm8m 0.8304 1 1 TRUE 1
52m:ch1m 0.6184 1 0.3574 TRUE 1
52m:ch4m 0.4712 1 1 TRUE 1
52m:ch5m 0.6054 1 1 TRUE 1
52m:ch6m 0.4213 1 0.3439 TRUE 1
52m:l1m 0.004309 1 0.2284 3.126e-06 0.1027
52m:l2m 0.01578 1 0.1494 0.001077 0.9868
52m:l3m 0.0009743 1 0.1686 0.0003062 0.4807
52m:l4m 0.003069 1 1 0.0003809 0.3161
52m:l5m 0.5814 1 0.4851 0.002382 1
52m:r10m 0.0009758 0.2783 TRUE 1
52m:r4m 0.5048 0.05641 0.07099 TRUE 1
52m:r5m 0.1031 1 0.5232 1.924e-06 0.1411
52m:r8m 0.009919 1 0.4099 TRUE 1
52m:r9m 0.6596 1 1 TRUE 1
96f:99f 0.01277 0.4553 TRUE 1
96f:a13f 0.1498 0.4252 TRUE 1
96f:a1f 0.05811 1 TRUE 1
96f:a21f 0.2431 0.497 TRUE 1
96f:a22f 0.1148 0.04094 TRUE 1
96f:a27f 0.01054 1 0.0001694 0.09718
96f:a28f 0.7947 0.3364 TRUE 1
96f:a29f 0.06355 0.5778 TRUE 1
96f:a30f 0.07128 0.005864 TRUE 1
96f:a7f 0.4001 0.1131 0.3427 0.8931
96f:a8f 0.0003267 0.2254 1.735e-05 1
96f:a9f 0.5658 0.1229 TRUE 1
96f:ADr1uf 0.7184 0.4247 TRUE 1
96f:bm1f 0.9161 1 TRUE 1
96f:bm2f 0.7287 0.4601 TRUE 1
96f:bm4f 0.8167 0.4369 TRUE 1
96f:bm5f 0.2942 0.4825 0.0749 0.6762
96f:bm6f 0.7213 1 TRUE 1
96f:bm7f 0.7829 0.4865 TRUE 1
96f:bm8f 0.6521 1 TRUE 1
96f:ch1f 0.01646 1 TRUE 1
96f:ch4f 0.3515 0.4115 TRUE 1
96f:ch5f 0.007778 1 TRUE 1
96f:ch6f 0.1019 0.4123 TRUE 1
96f:l1f 0.000567 0.6318 2.155e-06 0.04372
96f:l2f 0.03185 0.2752 6.559e-07 0.07496
96f:l3f 0.0007277 0.302 1.95e-07 0.1931
96f:l4f 0.00233 0.1155 3.588e-07 0.03169
96f:l5f 2.129e-05 0.07744 5.753e-08 0.02864
96f:r10f 0.2967 0.04966 TRUE 1
96f:r4f 0.8916 1 TRUE 1
96f:r5f 0.06207 1 TRUE 1
96f:r8f 0.7314 0.5052 TRUE 1
96f:r9f 0.366 0.463 TRUE 1
97m:a13m 0.08938 1 0.2195 0.0008481 1
97m:a1m 0.7519 0.06092 0.2314 TRUE 1
97m:a21m 0.1995 1 0.599 TRUE 1
97m:a22m 0.2684 0.06597 0.2852 TRUE 1
97m:a27m 0.02545 1 0.3785 4.158e-05 0.2875
97m:a28m 0.04916 1 1 TRUE 1
97m:a29m 0.03209 1 0.2935 TRUE 1
97m:a30m 0.9272 1 1 TRUE 1
97m:a7m 0.7243 1 1 0.8235 0.9671
97m:a8m 0.000115 1 1 1.813e-05 0.4658
97m:a9m 0.761 1 0.08004 TRUE 1
97m:ADr1um 0.745 1 0.5511 TRUE 1
97m:bm1m 0.3224 0.05303 0.1874 TRUE 1
97m:bm2m 0.9664 1 1 TRUE 1
97m:bm4m 0.2753 1 0.5461 TRUE 1
97m:bm5m 0.02939 1 0.5852 TRUE 1
97m:bm6m 0.07823 1 1 TRUE 1
97m:bm7m 0.1147 1 1 TRUE 1
97m:bm8m 0.9671 1 1 TRUE 1
97m:ch1m 0.4768 1 0.5798 TRUE 1
97m:ch4m 0.9666 1 1 TRUE 1
97m:ch5m 0.8833 1 0.5792 TRUE 1
97m:ch6m 0.7365 1 0.5761 TRUE 1
97m:l1m 9.87e-05 1 0.001472 2.565e-13 0.2093
97m:l2m 0.01437 0.08944 0.01078 1.276e-05 0.03138
97m:l3m 0.002755 0.09787 0.0004419 1.471e-06 0.8968
97m:l4m 5.708e-05 1 0.02624 3.278e-09 5.476e-06
97m:l5m 0.6537 0.07933 0.1287 1.226e-05 0.8983
97m:r10m 0.4934 1 0.4724 TRUE 1
97m:r4m 0.06009 1 1 TRUE 1
97m:r5m 0.893 1 0.1626 0.4853 0.9842
97m:r8m 0.007267 1 1 TRUE 1
97m:r9m 0.6437 1 0.2014 TRUE 1
99f:a13f 0.4703 1 1 0.05984 0.991
99f:a1f 0.1552 1 0.34 TRUE 1
99f:a21f 0.8021 1 1 0.06906 0.9493
99f:a22f 0.03372 1 1 TRUE 1
99f:a27f 0.01988 1 5.159e-06 0.8075
99f:a28f 0.1895 1 1 TRUE 1
99f:a29f 0.0319 1 0.4189 TRUE 1
99f:a30f 0.03515 1 1 TRUE 1
99f:a7f 0.902 1 1 TRUE 1
99f:a8f 0.2687 1 1 0.0005071 0.05704
99f:a9f 0.7901 1 1 TRUE 1
99f:ADr1uf 0.8838 1 1 TRUE 1
99f:bm1f 0.3295 1 1 TRUE 1
99f:bm2f 0.5551 1 1 TRUE 1
99f:bm4f 0.3142 0.05294 0.2785 TRUE 1
99f:bm5f 0.165 1 1 TRUE 1
99f:bm6f 0.4421 1 1 TRUE 1
99f:bm7f 1 1 0.3009 TRUE 1
99f:bm8f 0.8549 1 1 TRUE 1
99f:ch1f 0.4377 1 1 TRUE 1
99f:ch4f 0.2023 1 1 TRUE 1
99f:ch5f 0.8042 1 0.3084 TRUE 1
99f:ch6f 0.8708 0.05302 0.3171 TRUE 1
99f:l1f 1.897e-05 1 0.5866 3.019e-06 0.3829
99f:l2f 0.05382 1 0.4912 0.0003053 0.456
99f:l3f 0.01216 1 0.1431 0.0001483 0.0107
99f:l4f 0.003166 1 0.5631 0.002271 0.4573
99f:l5f 0.05368 1 0.4908 1.687e-06 0.3312
99f:r10f 0.468 0.05436 0.2003 TRUE 1
99f:r4f 0.1121 1 1 TRUE 1
99f:r5f 0.1686 1 0.4322 0.0004004 0.2759
99f:r8f 0.4171 1 1 TRUE 1
99f:r9f 0.3654 1 1 TRUE 1
a13f:a1f 0.7671 0.351 0.2511 TRUE 1
a13f:a21f 0.6796 1 0.3387 TRUE 1
a13f:a22f 0.9584 1 0.8295 TRUE 1
a13f:a27f 0.03515 0.5276 0.02234 0.001433 0.798
a13f:a28f 0.4478 0.03663 0.1387 TRUE 1
a13f:a29f 0.002194 0.1722 0.001093 TRUE 1
a13f:a30f 0.0004196 0.6408 0.8232 7.236e-06 0.3654
a13f:a7f 0.1154 0.6035 1 0.1133 0.9912
a13f:a8f 5.112e-07 0.004146 0.007183 4.757e-14 0.1691
a13f:a9f 0.5132 1 0.4548 TRUE 1
a13f:ADr1uf 0.766 2.182e-05 0.06379 6.536e-06 0.7911
a13f:bm1f 0.2629 0.2752 0.3239 TRUE 1
a13f:bm2f 0.6336 0.6232 0.8032 TRUE 1
a13f:bm4f 0.6911 1 1 TRUE 1
a13f:bm5f 0.6174 0.3251 0.1516 TRUE 1
a13f:bm6f 0.5134 0.6259 0.632 TRUE 1
a13f:bm7f 0.7208 0.6257 1 TRUE 1
a13f:bm8f 0.8676 1 0.4609 TRUE 1
a13f:ch1f 0.5874 0.2475 0.1295 TRUE 1
a13f:ch4f 0.539 0.6148 1 TRUE 1
a13f:ch5f 0.9244 0.2561 0.5997 TRUE 1
a13f:ch6f 0.7487 1 0.1309 TRUE 1
a13f:l1f 1.735e-13 2.691e-06 3.193e-14 2.923e-33 0.0009115
a13f:l2f 2.857e-05 4.92e-13 1.68e-13 1.968e-42 0.02938
a13f:l3f 0.0001252 4.691e-12 1e-12 1.043e-40 3.605e-12
a13f:l4f 9.892e-09 1.058e-07 1.126e-13 6.814e-32 0.0007402
a13f:l5f 0.002232 5.892e-11 1.724e-12 9.578e-48 0.01482
a13f:r10f 0.7027 0.4529 1 TRUE 1
a13f:r4f 0.4084 0.2747 0.04378 TRUE 1
a13f:r5f 0.01625 1 0.02174 TRUE 1
a13f:r8f 0.8186 0.09452 0.3404 TRUE 1
a13f:r9f 0.8918 0.01654 0.04052 TRUE 1
a13m:a1m 0.3606 0.3611 0.519 TRUE 1
a13m:a21m 0.466 0.0007769 0.01434 TRUE 1
a13m:a22m 0.204 0.3916 0.0008876 TRUE 1
a13m:a27m 0.05613 0.3938 0.1059 1.246e-05 0.2555
a13m:a28m 0.2487 0.006488 0.1019 0.007992 0.5927
a13m:a29m 0.002229 0.1343 0.01227 TRUE 1
a13m:a30m 0.001142 0.4049 0.001151 TRUE 1
a13m:a7m 0.195 1 1 0.008888 0.02707
a13m:a8m 2.449e-13 2.476e-05 4.58e-13 7.025e-25 0.1147
a13m:a9m 0.3678 0.1049 0.03257 TRUE 1
a13m:ADr1um 0.8128 0.03856 0.0001722 6.259e-13 0.717
a13m:bm1m 0.809 1 0.5897 TRUE 1
a13m:bm2m 0.6766 0.02563 0.03673 TRUE 1
a13m:bm4m 0.9265 1 0.7828 TRUE 1
a13m:bm5m 0.07044 0.03686 0.2353 TRUE 1
a13m:bm6m 0.0591 0.1704 0.3546 TRUE 1
a13m:bm7m 0.1233 0.004356 0.1431 TRUE 1
a13m:bm8m 0.3968 1 0.4176 TRUE 1
a13m:ch1m 0.3757 0.001223 0.1717 TRUE 1
a13m:ch4m 0.436 0.8172 0.6811 TRUE 1
a13m:ch5m 0.1718 0.1619 0.2178 TRUE 1
a13m:ch6m 0.8387 0.3428 0.5795 TRUE 1
a13m:l1m 2.455e-28 2.892e-18 2.147e-31 3.569e-75 0.1814
a13m:l2m 4.409e-21 7.42e-43 2.595e-59 3.571e-101 0.4393
a13m:l3m 7.612e-18 5.877e-39 7.856e-59 7.236e-102 0.3677
a13m:l4m 9.094e-28 7.789e-17 2.772e-28 8.134e-71 0.0001374
a13m:l5m 9.945e-18 1.137e-29 1.894e-48 1.083e-102 4.513e-05
a13m:r10m 0.2034 0.3702 0.05165 TRUE 1
a13m:r4m 0.01433 0.2556 0.0008681 TRUE 1
a13m:r5m 0.0022 0.1702 0.01778 5.94e-06 0.7826
a13m:r8m 0.01755 0.1954 0.3177 TRUE 1
a13m:r9m 0.9521 0.0007594 1.646e-05 TRUE 1
a1f:a21f 0.2401 0.2583 0.02482 TRUE 1
a1f:a22f 0.1081 1 0.8254 TRUE 1
a1f:a27f 0.08976 1 0.1722 0.1693 0.7911
a1f:a28f 0.1241 1 0.525 TRUE 1
a1f:a29f 5.605e-19 0.05785 4.72e-10 TRUE TRUE
a1f:a30f 0.0007858 0.003036 0.0002857 1.671e-09 1
a1f:a7f 0.695 1 0.7958 TRUE 1
a1f:a8f 0.04743 0.05236 8.052e-05 0.001661 0.2512
a1f:a9f 0.3655 0.2626 0.6049 TRUE 1
a1f:ADr1uf 0.1802 1 0.7941 TRUE 1
a1f:bm1f 0.6384 1 0.4445 TRUE 1
a1f:bm2f 0.2043 0.2387 1 TRUE 1
a1f:bm4f 0.6532 1 0.8014 TRUE 1
a1f:bm5f 0.02592 1 0.8065 TRUE 1
a1f:bm6f 0.6325 0.2584 0.4654 TRUE 1
a1f:bm7f 0.5114 0.255 0.04587 TRUE 1
a1f:bm8f 0.9526 1 0.04066 TRUE 1
a1f:ch1f 0.2978 1 0.05965 TRUE 1
a1f:ch4f 0.9874 1 0.2755 TRUE 1
a1f:ch5f 0.5642 0.2381 0.4396 TRUE 1
a1f:ch6f 0.9256 1 0.5964 TRUE 1
a1f:l1f 0.1475 0.1005 0.001102 1.946e-15 0.0284
a1f:l2f 0.009429 0.3663 0.06789 3.522e-07 0.2135
a1f:l3f 0.06722 0.3828 0.005733 9.909e-09 0.3317
a1f:l4f 0.002736 0.08906 1.123e-06 3.263e-09 0.1773
a1f:l5f 0.09457 0.3706 0.01482 5.64e-05 0.3073
a1f:r10f 0.1812 1 0.142 TRUE 1
a1f:r4f 0.06759 1 0.8045 TRUE 1
a1f:r5f 0.0004899 0.3367 0.002006 0.6709 1
a1f:r8f 0.4184 1 0.8078 TRUE 1
a1f:r9f 0.9882 1 0.4536 TRUE 1
a1m:a21m 0.2026 1 1 TRUE 1
a1m:a22m 0.566 1 0.07459 TRUE 1
a1m:a27m 0.5569 1 1 0.004931 0.9436
a1m:a28m 0.6809 1 0.659 TRUE 1
a1m:a29m 1.424e-12 0.03139 0.00952 TRUE TRUE
a1m:a30m 0.2714 0.2415 0.1302 0.07788 0.1854
a1m:a7m 0.008668 1 0.7401 TRUE 1
a1m:a8m 0.14 0.2799 0.1124 0.003399 0.4641
a1m:a9m 0.6471 0.2242 0.2934 TRUE 1
a1m:ADr1um 0.6315 1 1 0.09544 0.6243
a1m:bm1m 0.9397 1 1 TRUE 1
a1m:bm2m 0.6557 1 0.3266 TRUE 1
a1m:bm4m 0.5198 1 0.7441 TRUE 1
a1m:bm5m 0.2114 0.2117 1 TRUE 1
a1m:bm6m 0.8257 0.2123 0.531 TRUE 1
a1m:bm7m 0.522 0.2065 0.3548 TRUE 1
a1m:bm8m 0.7228 1 0.742 TRUE 1
a1m:ch1m 0.9367 1 0.5094 TRUE 1
a1m:ch4m 0.6934 1 0.7325 TRUE 1
a1m:ch5m 0.4203 1 0.4996 TRUE 1
a1m:ch6m 0.8106 1 1 TRUE 1
a1m:l1m 0.3164 0.3845 0.2715 7.877e-05 0.2281
a1m:l2m 1 1 0.07271 0.001 0.01768
a1m:l3m 0.7498 1 0.1351 0.000917 0.4503
a1m:l4m 0.04536 0.3507 0.1648 3.735e-06 0.7587
a1m:l5m 0.4736 1 1 0.003882 0.1781
a1m:r10m 0.1373 1 0.1296 TRUE 1
a1m:r4m 0.1876 0.21 0.1924 TRUE 1
a1m:r5m 0.05844 1 0.08219 0.0008872 0.04501
a1m:r8m 0.9326 1 0.5517 TRUE 1
a1m:r9m 0.7824 1 1 TRUE 1
a21f:a22f 0.3086 0.4035 0.003566 0.009741 0.8048
a21f:a27f 0.01023 1 1 0.0007656 0.979
a21f:a28f 0.1117 1 0.6948 TRUE 1
a21f:a29f 0.002252 0.09457 0.06893 TRUE 1
a21f:a30f 0.1223 1 0.001169 0.005652 0.4655
a21f:a7f 0.69 1 0.3522 TRUE 1
a21f:a8f 0.0002882 0.4227 0.0003827 6.727e-10 0.1924
a21f:a9f 0.7391 1 0.005992 TRUE 1
a21f:ADr1uf 0.8621 1 0.5239 TRUE 1
a21f:bm1f 0.6913 0.04983 0.1329 TRUE 1
a21f:bm2f 0.646 0.3169 0.555 TRUE 1
a21f:bm4f 0.8423 1 0.7707 TRUE 1
a21f:bm5f 0.1056 0.3348 0.7743 TRUE 1
a21f:bm6f 0.4349 1 0.5825 TRUE 1
a21f:bm7f 0.8243 1 0.7749 0.07182 0.6172
a21f:bm8f 0.09104 1 0.2563 TRUE 1
a21f:ch1f 0.5018 1 0.06354 TRUE 1
a21f:ch4f 0.2999 0.04798 0.3662 TRUE 1
a21f:ch5f 0.6514 1 1 TRUE 1
a21f:ch6f 0.791 1 0.7625 TRUE 1
a21f:l1f 0.0004949 0.03246 6.047e-05 1.641e-11 0.3088
a21f:l2f 0.01678 0.454 0.349 4.615e-06 0.001336
a21f:l3f 0.02583 0.001871 0.0002765 8.899e-07 0.006419
a21f:l4f 0.002779 0.5293 0.0009902 1.269e-10 0.4457
a21f:l5f 0.00392 0.1162 0.104 1.28e-05 0.1065
a21f:r10f 0.7823 0.2426 0.6693 TRUE 1
a21f:r4f 0.06434 1 0.1351 TRUE 1
a21f:r5f 0.0327 1 0.4285 TRUE 1
a21f:r8f 0.9195 1 0.01878 TRUE 1
a21f:r9f 0.08739 0.05147 0.2236 TRUE 1
a21m:a22m 0.5841 1 0.286 TRUE 1
a21m:a27m 0.1458 1 TRUE 1
a21m:a28m 0.8322 0.07539 TRUE 1
a21m:a29m 0.2592 0.06649 0.2771 TRUE 1
a21m:a30m 0.0008812 0.06592 1 TRUE 1
a21m:a7m 0.9386 1 0.08861 TRUE 1
a21m:a8m 0.03584 0.07624 0.01288 0.00047 0.9072
a21m:a9m 0.9125 1 1 TRUE 1
a21m:ADr1um 0.8459 1 1 TRUE 1
a21m:bm1m 0.3388 1 0.7019 TRUE TRUE
a21m:bm2m 0.6338 1 1 TRUE 1
a21m:bm4m 0.413 1 0.7013 TRUE 1
a21m:bm5m 0.6189 1 0.4539 TRUE 1
a21m:bm6m 0.3336 0.05759 0.1403 TRUE 1
a21m:bm7m 0.1381 0.05614 0.1312 0.01472 0.0979
a21m:bm8m 0.3908 0.05435 0.7155 TRUE 1
a21m:ch1m 0.3046 1 1 TRUE 1
a21m:ch4m 0.3079 1 0.2007 TRUE 1
a21m:ch5m 0.6268 1 1 TRUE 1
a21m:ch6m 0.4651 1 0.6722 TRUE 1
a21m:l1m 0.2991 0.1092 0.2696 3.29e-08 TRUE
a21m:l2m 0.5632 0.08585 0.1185 9.302e-05 0.4822
a21m:l3m 0.3114 0.09081 0.1288 6.282e-06 0.8989
a21m:l4m 0.5238 0.1005 0.02055 6.549e-05 0.1584
a21m:l5m 0.6986 0.07625 0.1868 0.002956 0.8235
a21m:r10m 0.1966 1 TRUE 1
a21m:r4m 0.7877 0.05469 0.7016 TRUE 1
a21m:r5m 0.01899 0.08756 0.2812 0.002247 0.7692
a21m:r8m 0.7764 1 0.721 TRUE 1
a21m:r9m 0.3695 1 1 TRUE 1
a22f:a27f 0.3038 0.3839 0.002039 0.03611 0.7893
a22f:a28f 0.2828 1 0.3591 TRUE 1
a22f:a29f 0.0001719 0.09515 0.01596 TRUE 1
a22f:a30f 0.0312 0.001213 0.0002007 0.02904 0.4822
a22f:a7f 0.7709 0.4578 0.0429 0.01243 0.7244
a22f:a8f 0.00235 0.0001286 5.494e-07 4.172e-11 0.2605
a22f:a9f 0.4134 0.5664 0.8559 TRUE 1
a22f:ADr1uf 0.5085 0.5392 0.7041 0.003763 1
a22f:bm1f 0.9419 1 0.7091 TRUE 1
a22f:bm2f 0.5249 0.1494 0.7086 TRUE 1
a22f:bm4f 0.9528 1 0.849 TRUE 1
a22f:bm5f 0.7217 0.5366 0.7144 0.3643 1
a22f:bm6f 0.2756 1 0.04075 TRUE 1
a22f:bm7f 0.3994 1 0.2713 TRUE 1
a22f:bm8f 0.07564 0.5198 0.5762 TRUE 1
a22f:ch1f 0.1222 0.4761 1 TRUE 1
a22f:ch4f 0.7355 0.4604 0.8385 TRUE 1
a22f:ch5f 0.4339 0.4774 0.3286 TRUE 1
a22f:ch6f 0.5875 1 1 TRUE 1
a22f:l1f 9.759e-08 0.0005713 1.792e-07 1.558e-21 0.2631
a22f:l2f 0.0005086 0.0363 0.0005894 2.132e-12 0.4372
a22f:l3f 0.005711 0.04355 3.979e-05 4.421e-14 0.9697
a22f:l4f 3.506e-08 0.01485 2.383e-06 3.263e-17 0.02584
a22f:l5f 4.389e-05 0.007543 5.586e-06 2.208e-14 0.2417
a22f:r10f 0.2429 0.3628 1 TRUE 1
a22f:r4f 0.2622 0.5062 0.2605 TRUE 1
a22f:r5f 0.0182 1 0.1525 TRUE 1
a22f:r8f 0.6886 0.1425 0.001731 TRUE 1
a22f:r9f 0.8621 0.568 0.4598 TRUE 1
a22m:a27m 0.9835 0.08788 0.1512 0.1816 0.8451
a22m:a28m 0.114 1 0.05274 TRUE 1
a22m:a29m 0.05514 1 0.3681 TRUE 1
a22m:a30m 0.0002491 0.1259 0.1156 TRUE 1
a22m:a7m 0.9637 1 0.7998 0.04384 0.8702
a22m:a8m 0.009406 1 0.06127 1.093e-06 0.2709
a22m:a9m 0.3866 1 1 TRUE 1
a22m:ADr1um 0.6029 1 0.7881 0.1198 0.533
a22m:bm1m 0.3263 1 0.4428 TRUE 1
a22m:bm2m 0.3474 1 0.2001 TRUE 1
a22m:bm4m 0.7835 1 0.2977 TRUE 1
a22m:bm5m 0.5757 1 0.04039 TRUE 1
a22m:bm6m 0.06556 1 0.2118 TRUE TRUE
a22m:bm7m 0.8607 0.1096 0.2114 TRUE 1
a22m:bm8m 0.7984 1 0.6103 TRUE 1
a22m:ch1m 0.08066 1 0.1313 TRUE 1
a22m:ch4m 0.701 1 0.6075 TRUE 1
a22m:ch5m 0.4303 1 0.202 TRUE 1
a22m:ch6m 0.4047 1 0.7996 TRUE 1
a22m:l1m 7.334e-06 1 0.00826 1.997e-09 0.4985
a22m:l2m 0.01971 1 0.04905 3.781e-06 0.2698
a22m:l3m 0.03541 1 0.01229 1.106e-06 0.04216
a22m:l4m 0.001505 1 0.000225 3.312e-09 0.5015
a22m:l5m 0.007165 1 0.1002 1.043e-06 0.1791
a22m:r10m 0.5828 1 0.152 TRUE 1
a22m:r4m 0.7761 1 0.8072 TRUE 1
a22m:r5m 0.02413 0.1695 0.03132 TRUE 1
a22m:r8m 0.5828 1 0.005974 TRUE 1
a22m:r9m 0.9761 1 0.7993 TRUE 1
a27f:a28f 8.469e-72 4.336e-06 6.875e-11 1.262e-90 TRUE
a27f:a29f 0.004385 0.4676 0.3939 TRUE 1
a27f:a30f 0.0009338 1 0.5183 6.995e-06 0.2077
a27f:a7f 0.3764 1 0.4321 0.0003283 0.5307
a27f:a8f 1.861e-08 8.803e-14 1.058e-19 1.441e-33 0.05848
a27f:a9f 0.528 0.2144 0.6259 TRUE 1
a27f:ADr1uf 0.06284 1 0.7962 TRUE 1
a27f:bm1f 0.3446 0.05264 1 TRUE 1
a27f:bm2f 0.3061 1 0.6029 TRUE 1
a27f:bm4f 0.1617 0.1753 0.603 TRUE 1
a27f:bm5f 0.1169 1 0.0448 TRUE 1
a27f:bm6f 0.006072 0.4048 0.3269 0.0294 0.4888
a27f:bm7f 0.3314 1 1 0.7758 0.9659
a27f:bm8f 0.3052 0.1898 0.6126 TRUE 1
a27f:ch1f 0.7841 0.6491 1 TRUE 1
a27f:ch4f 0.02849 0.002215 0.2862 TRUE 1
a27f:ch5f 0.1939 0.6469 0.4341 TRUE 1
a27f:ch6f 0.867 1 1 TRUE 1
a27f:l1f 1.998e-12 4.402e-05 9.036e-08 1.093e-15 0.9199
a27f:l2f 1.191e-10 2.659e-10 1.341e-09 3.177e-19 0.0459
a27f:l3f 6.172e-10 4.605e-12 3.032e-13 1.86e-22 0.05348
a27f:l4f 3.474e-08 5.264e-08 2.189e-10 7.709e-28 0.1572
a27f:l5f 5.645e-10 1.208e-12 4.576e-15 2.192e-18 0.014
a27f:r10f 0.247 1 0.5364 TRUE 1
a27f:r4f 0.1543 1 0.453 TRUE 1
a27f:r5f 0.002851 1 0.1942 TRUE 1
a27f:r8f 0.02196 0.6897 1 TRUE 1
a27f:r9f 0.9675 0.6623 0.3273 TRUE 1
a27m:a28m 5.73e-55 4.491e-06 1.054e-09 8.038e-73 TRUE
a27m:a29m 0.1233 0.004225 0.02355 TRUE 1
a27m:a30m 0.01984 0.6793 0.8089 TRUE 1
a27m:a7m 0.107 0.03451 0.4058 8.397e-05 0.2028
a27m:a8m 3.949e-11 1.496e-15 1.723e-16 2.134e-38 3.053e-07
a27m:a9m 1 0.1572 0.2763 TRUE 1
a27m:ADr1um 0.7635 0.6279 0.1414 0.2548 0.6585
a27m:bm1m 0.05179 0.6333 0.395 TRUE 1
a27m:bm2m 0.3116 0.1188 0.5811 TRUE 1
a27m:bm4m 0.1812 0.115 0.5758 TRUE 1
a27m:bm5m 0.5967 0.6393 0.7846 TRUE 1
a27m:bm6m 0.3116 0.6407 0.5875 TRUE 1
a27m:bm7m 0.4595 1 0.5854 TRUE 1
a27m:bm8m 0.4715 0.1332 0.1702 TRUE 1
a27m:ch1m 0.6696 0.02648 0.3906 TRUE 1
a27m:ch4m 0.5877 0.6262 1 TRUE 1
a27m:ch5m 0.1305 0.627 0.3769 TRUE 1
a27m:ch6m 0.7648 0.3229 1 TRUE 1
a27m:l1m 6.826e-11 4.199e-05 0.0001044 2.256e-13 0.06073
a27m:l2m 1.19e-06 2.681e-06 1.377e-08 1.521e-14 0.002989
a27m:l3m 9.782e-07 5.441e-05 2.858e-05 1.833e-16 1.045e-07
a27m:l4m 2.847e-12 9.94e-12 3.031e-10 2.902e-18 0.2541
a27m:l5m 6.103e-05 8.046e-06 2.225e-05 9.128e-13 0.6762
a27m:r10m 0.8127 0.296 0.3361 TRUE 1
a27m:r4m 0.9837 1 0.2735 TRUE 1
a27m:r5m 0.1534 0.4702 0.08199 0.659 1
a27m:r8m 0.9385 1 0.3163 TRUE 1
a27m:r9m 0.8206 0.36 1 TRUE 1
a28f:a29f 0.1707 0.05043 0.1053 TRUE 1
a28f:a30f 0.01837 0.3273 1 3.457e-05 0.5842
a28f:a7f 0.7471 0.232 0.6797 TRUE 1
a28f:a8f 5.245e-07 0.05914 3.474e-05 8.248e-16 0.4003
a28f:a9f 0.149 1 0.259 TRUE 1
a28f:ADr1uf 0.9679 1 0.6816 0.02604 0.9169
a28f:bm1f 0.04782 1 0.6979 TRUE 1
a28f:bm2f 0.009209 0.2493 0.7065 TRUE 1
a28f:bm4f 0.5914 1 0.6904 TRUE 1
a28f:bm5f 0.2269 0.03216 0.4488 TRUE 1
a28f:bm6f 0.8069 1 0.4423 TRUE 1
a28f:bm7f 0.7921 1 0.04183 TRUE 1
a28f:bm8f 0.1583 0.2483 0.4284 TRUE 1
a28f:ch1f 0.7649 1 0.08506 TRUE 1
a28f:ch4f 0.3213 0.02538 0.006186 TRUE 1
a28f:ch5f 0.3026 1 1 TRUE 1
a28f:ch6f 0.3895 1 0.2325 TRUE 1
a28f:l1f 4.654e-20 0.12 8.248e-09 2.511e-28 0.1049
a28f:l2f 1.78e-05 0.07482 0.003003 6.925e-14 0.08754
a28f:l3f 2.271e-05 0.08212 0.01447 3.275e-13 0.01173
a28f:l4f 7.647e-19 0.1114 1.047e-05 3.522e-25 0.003216
a28f:l5f 1.473e-10 0.07516 0.0001596 1.481e-16 0.009499
a28f:r10f 0.06245 1 0.6241 TRUE 1
a28f:r4f 0.03785 0.2562 0.1093 TRUE 1
a28f:r5f 0.1637 1 0.09853 TRUE TRUE
a28f:r8f 0.2829 1 0.2655 TRUE 1
a28f:r9f 0.7605 1 0.7098 TRUE 1
a28m:a29m 0.06985 1 1 TRUE 1
a28m:a30m 0.000793 0.2505 0.5106 TRUE 1
a28m:a7m 0.01452 1 0.7144 0.0002768 1
a28m:a8m 0.0009223 0.03846 9.949e-05 2.394e-15 0.08199
a28m:a9m 0.09457 0.2334 0.0007587 TRUE 1
a28m:ADr1um 0.4679 1 0.6853 TRUE 1
a28m:bm1m 0.2671 1 1 TRUE 1
a28m:bm2m 0.4887 1 0.1005 TRUE 1
a28m:bm4m 0.846 1 0.6843 TRUE 1
a28m:bm5m 0.5287 1 0.4377 TRUE 1
a28m:bm6m 0.7918 1 1 TRUE 1
a28m:bm7m 0.8231 1 0.7163 TRUE 1
a28m:bm8m 0.4526 1 0.2603 TRUE 1
a28m:ch1m 0.9661 0.01607 0.1074 TRUE 1
a28m:ch4m 0.09405 1 1 TRUE 1
a28m:ch5m 0.5614 0.1939 0.249 TRUE 1
a28m:ch6m 0.05679 1 1 TRUE 1
a28m:l1m 1.494e-15 0.08371 0.008866 8.931e-18 0.001343
a28m:l2m 0.008303 0.3343 0.01398 5.249e-09 0.1578
a28m:l3m 0.0004063 0.3564 0.08186 1.521e-07 0.1185
a28m:l4m 2.182e-14 0.07093 7.074e-05 3.061e-20 0.1793
a28m:l5m 0.008972 0.2991 0.06451 4.544e-07 0.8524
a28m:r10m 0.3716 1 0.1195 TRUE 1
a28m:r4m 0.9836 1 0.7199 TRUE 1
a28m:r5m 0.0063 1 1 0.2156 0.6973
a28m:r8m 0.4055 1 1 TRUE 1
a28m:r9m 0.2932 0.1959 0.1127 TRUE 1
a29f:a30f 2.886e-05 0.3559 2.938e-08 7.981e-13 0.0008954
a29f:a7f 0.2081 0.03493 0.557 0.0322 0.9175
a29f:a8f 0.001547 0.384 0.0005383 7.346e-10 0.6046
a29f:a9f 0.01097 0.0481 0.02205 TRUE 1
a29f:ADr1uf 0.4626 0.2577 0.842 0.02111 1
a29f:bm1f 0.8212 0.2731 0.6949 TRUE 1
a29f:bm2f 1 1 1 TRUE 1
a29f:bm4f 0.423 1 0.4308 TRUE 1
a29f:bm5f 0.386 1 0.06686 TRUE 1
a29f:bm6f 0.2979 0.04343 0.008297 1.834e-06 0.7584
a29f:bm7f 0.04558 0.04319 0.5823 0.006835 0.8798
a29f:bm8f 0.6715 0.00296 0.3413 TRUE 1
a29f:ch1f 0.4771 1 0.4286 TRUE 1
a29f:ch4f 0.5447 0.03602 0.07404 TRUE 1
a29f:ch5f 0.8055 0.03389 0.3193 TRUE 1
a29f:ch6f 0.5163 1 0.8461 TRUE 1
a29f:l1f 2.811e-10 0.02236 5.225e-06 1.677e-29 0.009085
a29f:l2f 0.004067 0.0879 0.07008 2.709e-11 0.07425
a29f:l3f 0.0007354 0.01292 0.05516 3.2e-13 0.1103
a29f:l4f 1.113e-09 0.001679 4.61e-08 4.565e-29 0.02623
a29f:l5f 2.159e-05 0.4266 0.2931 1.047e-10 0.112
a29f:r10f 0.2112 1 0.06332 TRUE 1
a29f:r4f 8.978e-08 0.04836 6.775e-07 TRUE TRUE
a29f:r5f 0.01314 0.0004948 0.03762 0.05141 0.9566
a29f:r8f 0.085 0.312 0.4685 TRUE 1
a29f:r9f 0.8749 0.2907 0.5806 TRUE 1
a29m:a30m 2.13e-07 0.1881 1.586e-07 TRUE 1
a29m:a7m 0.803 1 0.6417 TRUE 1
a29m:a8m 0.01165 1 0.0001386 2.894e-14 0.01365
a29m:a9m 0.02954 1 0.0001052 TRUE 1
a29m:ADr1um 0.1485 1 0.8168 0.0001538 0.1636
a29m:bm1m 0.2928 1 0.3784 TRUE 1
a29m:bm2m 0.9282 1 0.3784 TRUE 1
a29m:bm4m 0.06286 1 0.6477 TRUE 1
a29m:bm5m 0.7339 0.009025 0.07522 TRUE 1
a29m:bm6m 0.2535 0.1615 0.8284 TRUE 1
a29m:bm7m 0.03692 0.1626 0.5187 TRUE 1
a29m:bm8m 0.6492 1 0.8216 TRUE 1
a29m:ch1m 0.1765 1 1 TRUE 1
a29m:ch4m 0.2762 1 0.6455 TRUE 1
a29m:ch5m 0.1918 1 0.6475 TRUE 1
a29m:ch6m 0.8146 1 0.1681 TRUE 1
a29m:l1m 0.00331 0.03501 4.344e-06 1.068e-18 0.3362
a29m:l2m 0.0462 0.2406 5.359e-06 2.995e-10 0.002124
a29m:l3m 0.2305 0.2568 5.414e-05 3.633e-11 2.404e-10
a29m:l4m 4.371e-07 1 4.127e-06 5.039e-20 0.2244
a29m:l5m 0.1407 1 0.001032 3.929e-09 0.3166
a29m:r10m 0.2811 0.1062 0.7425 TRUE 1
a29m:r4m 0.06781 1 0.01727 TRUE 1
a29m:r5m 0.0169 0.1681 0.01065 7.486e-09 0.4202
a29m:r8m 0.07766 0.1791 5.227e-06 TRUE 1
a29m:r9m 0.7571 1 1 TRUE 1
a30f:a7f 0.01981 0.3333 1 0.0005917 0.2961
a30f:a8f 2.334e-08 3.502e-05 2.47e-08 7.69e-15 0.0006356
a30f:a9f 0.06142 0.6562 0.09326 TRUE 1
a30f:ADr1uf 0.1992 1 0.3746 0.0194 0.3936
a30f:bm1f 0.6566 0.02993 0.5951 TRUE 1
a30f:bm2f 0.1299 1 0.16 TRUE 1
a30f:bm4f 0.5044 0.03213 0.3844 TRUE 1
a30f:bm5f 0.8715 0.64 0.03991 TRUE 1
a30f:bm6f 0.7565 0.3776 0.03908 TRUE 1
a30f:bm7f 0.6085 0.04084 0.04095 TRUE 1
a30f:bm8f 0.5828 0.1355 0.494 TRUE 1
a30f:ch1f 0.8421 0.1165 0.03342 TRUE 1
a30f:ch4f 0.711 0.3333 1 TRUE 1
a30f:ch5f 0.3026 0.02986 0.0005027 TRUE 1
a30f:ch6f 0.6236 0.3406 0.5965 TRUE 1
a30f:l1f 5.659e-14 1.134e-10 3.365e-19 1.004e-37 0.1813
a30f:l2f 0.0002288 0.00302 6.199e-05 2.502e-11 0.3713
a30f:l3f 0.00115 0.01846 3.511e-05 1.812e-13 0.5946
a30f:l4f 4.167e-13 9.238e-09 2.069e-15 6.114e-37 0.08295
a30f:l5f 0.0003095 0.01361 1.08e-06 1.284e-11 0.6107
a30f:r10f 0.1032 0.001368 0.03968 TRUE 1
a30f:r4f 0.01454 0.03943 0.09051 TRUE 1
a30f:r5f 0.0004681 2.515e-05 8.449e-09 0.01082 0.3828
a30f:r8f 0.04599 0.04874 0.000875 TRUE 1
a30f:r9f 0.09948 0.3594 0.7354 TRUE 1
a30m:a7m 0.6026 0.1849 0.001494 0.3913 0.8982
a30m:a8m 1.014e-05 0.004668 6.905e-07 5.482e-13 0.07967
a30m:a9m 0.0002182 1.533e-05 2.235e-08 TRUE 1
a30m:ADr1um 0.164 1 0.0606 TRUE 1
a30m:bm1m 0.1343 0.5687 0.1581 TRUE 1
a30m:bm2m 0.6023 1 0.41 TRUE 1
a30m:bm4m 0.3919 1 0.298 TRUE 1
a30m:bm5m 0.5944 1 0.6893 TRUE 1
a30m:bm6m 0.8024 0.5823 0.6902 0.115 0.3618
a30m:bm7m 0.7464 1 0.5548 0.1043 0.9795
a30m:bm8m 0.6971 0.1957 0.003513 TRUE 1
a30m:ch1m 0.927 0.186 0.03656 TRUE 1
a30m:ch4m 0.8429 0.1853 0.03633 TRUE 1
a30m:ch5m 0.7133 0.5556 0.8366 TRUE 1
a30m:ch6m 0.638 0.0008221 0.01257 TRUE 1
a30m:l1m 3.149e-12 8.044e-06 9.063e-11 1.821e-25 0.322
a30m:l2m 3.267e-05 0.3797 0.0003834 9.895e-08 0.1777
a30m:l3m 0.0009438 0.164 0.002355 1.12e-08 0.4097
a30m:l4m 1.505e-07 0.003143 3.287e-12 3.17e-26 0.2533
a30m:l5m 0.2539 0.3278 0.02988 2.861e-06 0.7504
a30m:r10m 0.1023 0.4824 0.6226 TRUE 1
a30m:r4m 0.1873 1 0.04293 TRUE 1
a30m:r5m 9.669e-10 0.117 1.218e-05 2.36e-18 0.7281
a30m:r8m 0.00856 0.6189 0.02247 TRUE 1
a30m:r9m 0.9037 0.5525 0.1062 TRUE 1
a7f:a8f 0.00951 0.0007492 0.0009837 0.003274 0.4793
a7f:a9f 0.9326 1 0.04438 TRUE 1
a7f:ADr1uf 0.9465 0.1845 0.2392 0.2037 0.9837
a7f:bm1f 0.6421 0.5932 1 TRUE 1
a7f:bm2f 0.6106 0.5734 0.2627 TRUE 1
a7f:bm4f 0.5087 1 1 TRUE 1
a7f:bm5f 0.6169 0.613 0.178 TRUE 1
a7f:bm6f 0.2841 0.6069 0.1715 TRUE 1
a7f:bm7f 0.8618 0.6029 0.4032 0.1543 0.5708
a7f:bm8f 0.7862 0.5964 1 TRUE 1
a7f:ch1f 0.05931 1 0.5565 TRUE 1
a7f:ch4f 0.4193 0.0473 0.01339 TRUE 1
a7f:ch5f 0.6649 0.5686 0.03868 TRUE 1
a7f:ch6f 0.4972 0.5709 1 TRUE 1
a7f:l1f 0.01611 0.0001122 2.586e-05 1.759e-12 0.783
a7f:l2f 0.1826 0.001649 2.008e-05 1.767e-07 0.09435
a7f:l3f 0.1923 0.002365 0.000176 1.473e-07 0.3768
a7f:l4f 0.01471 0.000572 3.992e-05 4.337e-15 0.3007
a7f:l5f 0.1356 0.00023 5.383e-06 3.917e-09 0.6222
a7f:r10f 0.1192 0.4619 0.4551 TRUE 1
a7f:r4f 0.2226 0.2267 0.08929 TRUE 1
a7f:r5f 0.02329 0.02614 0.03829 TRUE 1
a7f:r8f 0.1373 0.06704 0.1025 TRUE 1
a7f:r9f 0.8734 0.2182 0.7763 TRUE 1
a7m:a8m 0.008947 0.1384 0.1921 0.0001238 0.2561
a7m:a9m 0.03681 0.2841 0.06317 TRUE 1
a7m:ADr1um 0.4754 0.1899 0.7391 TRUE 1
a7m:bm1m 0.5544 1 1 TRUE 1
a7m:bm2m 0.885 1 1 TRUE 1
a7m:bm4m 0.6809 0.5895 1 TRUE 1
a7m:bm5m 0.2517 0.01325 0.2306 TRUE 1
a7m:bm6m 1 0.244 0.544 0.2365 0.9426
a7m:bm7m 0.9625 0.2496 1 0.0612 0.6885
a7m:bm8m 0.6984 1 0.7636 TRUE 1
a7m:ch1m 1 1 0.5207 TRUE 1
a7m:ch4m 0.4992 0.5912 0.3109 TRUE 1
a7m:ch5m 0.6272 0.0598 0.04253 TRUE 1
a7m:ch6m 0.9869 0.5973 1 TRUE 1
a7m:l1m 0.001504 0.0001943 3.767e-05 2.648e-10 0.1233
a7m:l2m 0.2774 0.1791 0.006067 8.318e-07 0.8284
a7m:l3m 0.1418 0.01665 0.01515 1.732e-08 0.4087
a7m:l4m 0.02114 0.0931 0.003085 8.21e-11 0.02814
a7m:l5m 0.8233 0.1494 0.03739 2.527e-07 0.9334
a7m:r10m 0.3927 0.1464 0.6841 TRUE 1
a7m:r4m 0.8153 0.6215 0.3695 TRUE 1
a7m:r5m 0.005516 0.014 0.007589 0.06763 0.7117
a7m:r8m 0.5843 0.2878 0.1446 TRUE 1
a7m:r9m 0.4769 0.06347 0.06997 TRUE 1
a8f:a9f 0.2498 0.1166 0.067 TRUE 1
a8f:ADr1uf 0.9514 0.2517 0.5433 0.0003491 0.539
a8f:bm1f 0.9523 0.04445 0.5556 TRUE 1
a8f:bm2f 0.953 1 0.06101 TRUE 1
a8f:bm4f 0.7781 0.5019 0.2425 TRUE 1
a8f:bm5f 0.4016 0.6687 0.03217 TRUE TRUE
a8f:bm6f 0.6861 0.8292 0.08668 TRUE 1
a8f:bm7f 0.6151 0.5224 0.04026 TRUE 1
a8f:bm8f 0.364 0.07471 0.2993 TRUE 1
a8f:ch1f 0.2276 0.3703 0.1096 TRUE 1
a8f:ch4f 0.4684 0.5004 0.2227 TRUE 1
a8f:ch5f 0.7288 0.113 0.6263 TRUE 1
a8f:ch6f 0.2754 0.0464 0.07314 TRUE 1
a8f:l1f 5.809e-41 2.003e-25 7.688e-60 3.807e-121 TRUE
a8f:l2f 3.147e-06 6.849e-12 6.557e-22 4.051e-39 5.043e-23
a8f:l3f 2.983e-06 1.822e-16 3.641e-23 2.691e-38 0.7522
a8f:l4f 2.67e-33 1.994e-24 2.911e-73 1.236e-134 TRUE
a8f:l5f 2.05e-07 1.661e-19 3.451e-34 2.204e-47 0.005782
a8f:r10f 0.3906 0.2664 0.4383 TRUE 1
a8f:r4f 0.604 0.4051 0.9098 TRUE 1
a8f:r5f 0.01173 0.444 0.007234 TRUE 1
a8f:r8f 0.6762 0.8352 0.0007533 TRUE 1
a8f:r9f 0.6894 0.09187 0.01124 TRUE 1
a8m:a9m 0.02751 0.2066 0.001652 TRUE 1
a8m:ADr1um 0.8514 0.1787 0.1754 0.02419 0.9889
a8m:bm1m 0.7151 0.3722 0.5309 TRUE 1
a8m:bm2m 0.6879 0.09982 0.5233 TRUE 1
a8m:bm4m 0.7852 0.06488 0.1038 TRUE 1
a8m:bm5m 0.1613 0.8628 0.1006 TRUE 1
a8m:bm6m 0.2566 0.6013 0.4105 TRUE 1
a8m:bm7m 0.2761 0.2928 0.8374 TRUE 1
a8m:bm8m 0.2421 0.7256 0.1468 TRUE 1
a8m:ch1m 0.9285 0.8566 0.2798 TRUE 1
a8m:ch4m 0.4369 0.2697 0.5879 TRUE 1
a8m:ch5m 0.3807 0.2726 0.0843 TRUE 1
a8m:ch6m 0.7892 1 0.2857 TRUE 1
a8m:l1m 9.342e-50 3.291e-18 1.668e-45 1.051e-108 TRUE
a8m:l2m 2.537e-11 3.466e-17 1.324e-24 3.699e-39 0.00611
a8m:l5m 7.241e-10 1.114e-12 2.98e-18 3.652e-39 0.5202
a8m:r10m 0.4769 0.1206 0.07486 TRUE 1
a8m:r4m 0.6609 0.1614 0.4123 TRUE 1
a8m:r5m 2.4e-05 3.979e-05 0.0001278 7.58e-09 0.8038
a8m:r8m 0.6554 0.4121 0.09577 TRUE 1
a8m:r9m 0.6727 0.006314 0.0146 TRUE 1
a9f:ADr1uf 0.6466 0.4007 0.3897 0.7466
a9f:bm1f 0.4578 0.1757 TRUE 1
a9f:bm2f 1 1 TRUE 1
a9f:bm4f 0.9724 0.4006 TRUE 1
a9f:bm5f 0.6268 0.4102 TRUE 1
a9f:bm6f 0.1969 0.672 0.729 1
a9f:bm7f 0.9732 0.1991 TRUE 1
a9f:bm8f 0.4643 1 TRUE 1
a9f:ch1f 0.499 0.664 TRUE 1
a9f:ch4f 0.08056 0.003629 TRUE 1
a9f:ch5f 0.2287 0.4013 TRUE 1
a9f:ch6f 0.8609 0.6601 TRUE 1
a9f:l1f 0.1839 0.04172 0.0001118 0.4153
a9f:l2f 0.365 0.00308 0.03808 0.7186
a9f:l3f 0.7198 0.001001 0.01727 0.9426
a9f:l4f 0.2547 0.5448 0.0002075 0.2812
a9f:l5f 0.1875 0.01295 0.0009796 0.4475
a9f:r10f 1.53e-15 2.61e-06 TRUE TRUE
a9f:r4f 0.8949 1 TRUE 1
a9f:r5f 0.2355 0.01416 TRUE 1
a9f:r8f 0.5457 0.4255 TRUE 1
a9f:r9f 0.8281 0.6737 TRUE 1
a9m:ADr1um 0.5971 1 0.7244 TRUE 1
a9m:bm4m 0.7577 1 0.7283 TRUE 1
a9m:bm5m 0.755 1 0.3156 TRUE 1
a9m:bm7m 0.2857 1 1 TRUE 1
a9m:bm8m 0.465 1 0.5173 TRUE 1
a9m:ch1m 0.4319 1 1 TRUE 1
a9m:ch4m 0.5541 1 0.4932 TRUE 1
a9m:ch5m 0.9178 1 1 TRUE 1
a9m:ch6m 0.8345 1 1 TRUE 1
a9m:l1m 0.009368 1 0.008642 4.545e-09 0.3235
a9m:l2m 0.6848 1 1 4.917e-05 0.9538
a9m:l3m 0.6017 1 0.4443 0.0002783 0.7214
a9m:l4m 0.005854 0.2939 0.002663 1.765e-09 0.2295
a9m:l5m 0.5398 1 0.2629 1.174e-05 0.8005
a9m:r10m 2.119e-16 1 0.05761 TRUE TRUE
a9m:r4m 0.2489 1 0.7347 TRUE 1
a9m:r5m 0.0009317 1 0.0005975 7.681e-09 0.69
a9m:r8m 0.5091 0.1863 0.06944 TRUE 1
a9m:r9m 0.4814 0.1535 1 TRUE 1
ADr1uf:bm1f 0.6428 0.2905 0.7652 TRUE 1
ADr1uf:bm2f 0.6195 0.289 1 TRUE 1
ADr1uf:bm4f 0.6671 0.2938 0.5368 TRUE 1
ADr1uf:bm5f 0.4865 0.3202 0.552 TRUE 1
ADr1uf:bm6f 0.4371 1 0.7697 TRUE 1
ADr1uf:bm7f 0.9627 0.3126 0.2312 TRUE 1
ADr1uf:bm8f 0.1491 0.6242 1 TRUE 1
ADr1uf:ch1f 0.1489 0.584 0.1042 TRUE 1
ADr1uf:ch4f 0.2887 0.545 0.5006 TRUE 1
ADr1uf:ch5f 0.1965 0.5706 0.7319 TRUE 1
ADr1uf:ch6f 0.4302 1 0.5166 TRUE 1
ADr1uf:l1f 0.02624 6.95e-15 1.618e-14 1.133e-27 0.7378
ADr1uf:l2f 0.03227 1.022e-19 1.95e-20 5.719e-49 3.751e-26
ADr1uf:l3f 0.003154 1.819e-22 1.725e-21 6.5e-50 5.062e-21
ADr1uf:l4f 0.0876 1.758e-09 6.13e-10 5.743e-20 0.1776
ADr1uf:l5f 0.01466 1.307e-19 6.45e-17 7.002e-49 1.747e-22
ADr1uf:r10f 0.8538 1 1 TRUE 1
ADr1uf:r4f 0.9626 1 0.7516 TRUE 1
ADr1uf:r5f 0.2522 0.6237 0.7683 TRUE 1
ADr1uf:r8f 0.7149 1 0.7667 TRUE 1
ADr1uf:r9f 0.7788 0.002235 0.01792 TRUE 1
ADr1um:bm1m 0.974 1 0.263 TRUE 1
ADr1um:bm2m 0.3882 0.02758 0.1264 TRUE 1
ADr1um:bm4m 0.5662 0.1425 0.4388 TRUE 1
ADr1um:bm5m 0.7312 0.5349 0.1593 TRUE 1
ADr1um:bm6m 0.3235 1 0.4661 TRUE 1
ADr1um:bm7m 0.8492 0.5233 1 TRUE 1
ADr1um:bm8m 0.808 0.5063 1 TRUE 1
ADr1um:ch1m 0.2386 0.4736 0.4279 TRUE 1
ADr1um:ch4m 0.3648 1 1 TRUE 1
ADr1um:ch5m 0.4958 1 1 TRUE TRUE
ADr1um:ch6m 0.2474 1 0.2608 TRUE 1
ADr1um:l1m 0.5452 5.159e-08 5.239e-08 9.27e-19 0.7324
ADr1um:l2m 0.04541 1.68e-13 1.543e-13 1.483e-32 7.806e-13
ADr1um:l3m 0.09143 3.459e-14 4.121e-12 1.333e-31 1.792e-07
ADr1um:l4m 0.5799 1.476e-11 2.621e-10 1.563e-21 0.2775
ADr1um:l5m 0.1952 5.423e-13 1.931e-14 9.68e-35 3.425e-11
ADr1um:r10m 0.4956 0.03531 0.2207 TRUE 1
ADr1um:r4m 0.5131 0.1369 0.4462 TRUE 1
ADr1um:r5m 0.4757 0.5886 0.7335 8.737e-05 0.6629
ADr1um:r8m 0.5269 0.1673 0.2811 TRUE 1
ADr1um:r9m 0.9626 0.02549 0.06226 TRUE 1
bm1f:bm2f 0.9749 1 1 TRUE 1
bm1f:bm4f 0.975 1 0.08559 TRUE 1
bm1f:bm5f 0.2839 1 0.7122 TRUE 1
bm1f:bm6f 5.028e-05 0.05904 0.0381 TRUE 1
bm1f:bm7f 0.01281 1 0.1111 TRUE 1
bm1f:bm8f 0.9756 0.05552 0.6976 TRUE 1
bm1f:ch1f 0.9479 1 0.6623 TRUE 1
bm1f:ch4f 0.6564 1 0.1852 TRUE TRUE
bm1f:ch5f 0.7769 1 1 TRUE 1
bm1f:ch6f 0.4345 1 0.194 TRUE 1
bm1f:l1f 0.6502 1 0.5735 0.004306 0.8396
bm1f:l2f 0.7586 1 1 0.002509 0.8346
bm1f:l3f 0.9904 1 1 0.05283 0.6987
bm1f:l4f 0.9629 1 0.37 0.005107 0.3227
bm1f:l5f 0.6849 1 0.7609 0.0163 0.9619
bm1f:r10f 0.8237 1 1 TRUE 1
bm1f:r4f 0.8288 1 0.6802 TRUE 1
bm1f:r5f 0.5369 0.07587 0.6611 TRUE 1
bm1f:r8f 0.1288 1 0.7122 TRUE 1
bm1f:r9f 0.8389 1 0.6781 TRUE 1
bm1m:bm2m 0.4099 1 TRUE 1
bm1m:bm4m 0.2733 1 TRUE TRUE
bm1m:bm5m 0.3623 0.6853 TRUE 1
bm1m:bm6m 0.1797 0.09574 TRUE 1
bm1m:bm7m 0.5535 0.03023 TRUE 1
bm1m:bm8m 0.5618 1 TRUE 1
bm1m:ch1m 0.3217 0.4011 TRUE 1
bm1m:ch4m 0.9471 0.4004 TRUE 1
bm1m:ch5m 0.6362 1 TRUE 1
bm1m:ch6m 0.6839 0.6515 TRUE 1
bm1m:l1m 0.6691 0.3701 0.003081 0.9077
bm1m:l2m 0.7424 0.3133 0.009616 0.864
bm1m:l3m 0.9517 0.1923 0.004105 0.7699
bm1m:l4m 0.8186 0.7646 0.007405 0.6693
bm1m:l5m 0.4247 0.0223 0.003026 0.7456
bm1m:r10m 0.09465 0.3506 TRUE 1
bm1m:r4m 0.7778 1 TRUE 1
bm1m:r5m 0.08769 1 TRUE 1
bm1m:r8m 0.05746 0.4242 TRUE 1
bm2f:bm4f 0.7668 1 0.05859 TRUE 1
bm2f:bm5f 0.7328 0.059 0.005149 TRUE 1
bm2f:bm6f 0.1442 1 0.6737 TRUE 1
bm2f:bm7f 0.1874 1 0.2084 TRUE 1
bm2f:bm8f 0.07748 0.0549 0.017 TRUE 1
bm2f:ch1f 0.7449 1 0.2605 TRUE 1
bm2f:ch4f 0.7317 1 0.6222 TRUE 1
bm2f:ch5f 0.7819 1 0.6213 TRUE 1
bm2f:ch6f 0.5816 1 0.2638 TRUE 1
bm2f:l1f 0.1601 1 0.1112 0.0006691 0.2923
bm2f:l2f 0.6386 1 0.7333 0.003749 0.8096
bm2f:l3f 0.5017 1 0.7438 0.01152 0.7526
bm2f:l4f 0.4826 1 0.5266 0.01754 1
bm2f:l5f 0.9114 1 0.733 0.02419 1
bm2f:r10f 0.2245 1 TRUE 1
bm2f:r4f 0.5245 1 0.6324 TRUE 1
bm2f:r5f 0.3595 0.07604 0.01197 0.1063 0.5086
bm2f:r8f 0.8229 1 0.172 TRUE 1
bm2f:r9f 0.5374 1 0.6484 TRUE 1
bm2m:bm4m 0.9115 0.04211 TRUE 1
bm2m:bm5m 0.2904 0.6585 TRUE 1
bm2m:bm6m 0.626 0.3997 TRUE 1
bm2m:bm7m 0.7392 1 TRUE TRUE
bm2m:bm8m 0.7928 1 TRUE 1
bm2m:ch1m 0.4125 0.6305 TRUE 1
bm2m:ch4m 0.8451 1 TRUE 1
bm2m:ch5m 0.5901 0.6318 TRUE 1
bm2m:ch6m 0.04514 0.3444 TRUE 1
bm2m:l1m 0.1233 0.3542 0.0005642 0.9205
bm2m:l2m 0.2968 0.7235 0.01109 0.9815
bm2m:l3m 0.3644 0.7295 0.005419 0.21
bm2m:l4m 0.5628 0.1805 0.02504 TRUE
bm2m:l5m 0.4711 1 0.008306 1
bm2m:r10m 0.5779 0.4119 TRUE 1
bm2m:r4m 0.595 0.6358 TRUE 1
bm2m:r5m 0.09617 1 0.008698 0.952
bm2m:r8m 0.146 0.6532 TRUE 1
bm2m:r9m 0.4653 1 TRUE 1
bm4f:bm5f 0.8922 0.3375 TRUE 1
bm4f:bm6f 0.9518 0.3347 TRUE 1
bm4f:bm7f 0.9166 0.3438 TRUE 1
bm4f:bm8f 0.9877 0.1025 TRUE 1
bm4f:ch1f 0.6747 0.2076 TRUE 1
bm4f:ch4f 0.6426 1 TRUE 1
bm4f:ch5f 0.364 1 TRUE 1
bm4f:ch6f 0.1916 0.1996 TRUE 1
bm4f:l1f 0.0917 0.717 0.00372 0.5807
bm4f:l2f 0.9802 0.6899 0.001592 0.08164
bm4f:l3f 0.8843 0.704 0.001034 0.4696
bm4f:l4f 0.3064 0.255 0.007779 0.5858
bm4f:l5f 0.9605 0.6922 0.001198 0.8244
bm4f:r10f 0.2877 1 TRUE TRUE
bm4f:r4f 1 0.6216 TRUE 1
bm4f:r5f 0.4346 1 TRUE 1
bm4f:r8f 0.6763 1 TRUE 1
bm4f:r9f 0.5572 0.08599 TRUE 1
bm4m:bm5m 0.5949 1 0.665 TRUE 1
bm4m:bm6m 0.4179 1 1 TRUE 1
bm4m:bm7m 0.7447 1 1 TRUE 1
bm4m:bm8m 0.1575 0.053 0.6527 TRUE 1
bm4m:ch1m 0.08812 1 TRUE TRUE
bm4m:ch4m 0.4207 1 TRUE 1
bm4m:ch5m 0.8193 0.06835 TRUE 1
bm4m:ch6m 0.1845 0.6223 TRUE 1
bm4m:l1m 0.2617 1 0.06519 1.262e-06 0.935
bm4m:l2m 0.9393 1 0.282 0.006855 0.8939
bm4m:l3m 0.1316 1 0.7323 0.0005138 0.8639
bm4m:l4m 0.09984 1 0.01581 2.542e-06 0.7824
bm4m:l5m 0.9163 1 1 0.01782 0.4883
bm4m:r10m 0.77 1 TRUE 1
bm4m:r4m 0.8127 0.624 TRUE 1
bm4m:r5m 1 0.1586 0.01365 0.4483
bm4m:r8m 0.4836 1 TRUE 1
bm4m:r9m 0.9493 1 TRUE 1
bm5f:bm6f 2.043e-112 3.999e-06 1.43e-12 1.482e-178 TRUE
bm5f:bm7f 2.654e-111 3.588e-06 2.518e-09 TRUE TRUE
bm5f:bm8f 0.0002057 1 0.7766 TRUE 1
bm5f:ch1f 1 1 0.3674 TRUE 1
bm5f:ch4f 0.6002 0.302 0.1995 TRUE 1
bm5f:ch5f 0.4295 1 0.53 TRUE 1
bm5f:ch6f 0.3349 1 1 TRUE 1
bm5f:l1f 0.1135 0.5612 0.8333 7.506e-09 0.7725
bm5f:l2f 0.0776 0.476 0.03407 3.661e-08 0.4498
bm5f:l3f 0.06696 0.1387 0.02316 6.516e-08 0.0008181
bm5f:l4f 0.6744 0.5327 0.04697 4.877e-09 0.503
bm5f:l5f 0.03418 1 0.03589 1.018e-09 3.018e-06
bm5f:r10f 0.5715 1 1 TRUE 1
bm5f:r4f 0.4448 1 1 TRUE 1
bm5f:r5f 0.207 0.4385 1 TRUE 1
bm5f:r8f 0.5379 1 1 TRUE 1
bm5f:r9f 0.4601 1 0.7709 TRUE 1
bm5m:bm6m 9.401e-131 0.09672 1.129e-13 TRUE TRUE
bm5m:bm7m 2.325e-121 0.09265 4.392e-14 TRUE TRUE
bm5m:bm8m 0.4774 0.05564 0.03407 TRUE 1
bm5m:ch1m 0.3074 1 0.1144 TRUE 1
bm5m:ch4m 0.8978 1 1 TRUE 1
bm5m:ch5m 0.5935 1 0.2467 TRUE 1
bm5m:ch6m 0.2881 1 1 TRUE 1
bm5m:l1m 0.2884 0.1105 0.05447 4.644e-05 0.8266
bm5m:l2m 0.04404 1 0.01161 3.091e-05 0.07888
bm5m:l3m 0.06227 1 0.06112 3.76e-06 0.1139
bm5m:l4m 0.6493 0.1038 0.4555 0.000446 0.7788
bm5m:l5m 0.07933 1 0.3815 5.998e-06 0.8075
bm5m:r10m 0.696 1 0.2014 TRUE 1
bm5m:r4m 0.333 1 0.2893 TRUE 1
bm5m:r5m 0.003571 1 1 1.043e-05 0.9593
bm5m:r8m 0.7925 1 0.309 TRUE 1
bm5m:r9m 0.2649 1 1 TRUE 1
bm6f:bm7f 4.941e-324 5.228e-07 5.404e-29 0 TRUE
bm6f:bm8f 0.4943 1 0.3702 TRUE 1
bm6f:ch1f 0.4065 0.09641 0.7492 TRUE 1
bm6f:ch4f 0.5523 1 0.1941 TRUE 1
bm6f:ch5f 0.1978 0.379 0.7467 TRUE 1
bm6f:ch6f 0.2359 0.09155 0.1896 TRUE 1
bm6f:l1f 0.1424 0.004222 2.461e-06 2.119e-06 0.6992
bm6f:l2f 0.04365 1 0.223 6.946e-05 0.0522
bm6f:l3f 0.01041 0.6182 0.6343 0.0001686 0.1977
bm6f:l4f 0.5554 0.02615 0.009815 0.001441 0.8117
bm6f:l5f 0.003414 0.2836 0.1407 0.0003276 0.09169
bm6f:r10f 0.5567 0.3871 0.2106 TRUE 1
bm6f:r4f 0.172 0.4486 0.2257 TRUE 1
bm6f:r5f 0.3366 0.5133 0.1487 0.008398 0.9121
bm6f:r8f 0.9769 0.4771 0.3847 TRUE 1
bm6f:r9f 0.1896 1 0.3699 TRUE 1
bm6m:bm7m 4.941e-324 0.02407 6.108e-31 0 TRUE
bm6m:bm8m 0.278 1 1 TRUE 1
bm6m:ch1m 0.1919 1 1 TRUE 1
bm6m:ch4m 0.5819 1 0.3398 TRUE 1
bm6m:ch5m 0.5424 1 0.3434 TRUE TRUE
bm6m:ch6m 0.543 1 0.5187 TRUE 1
bm6m:l1m 0.2347 1 0.3845 0.001173 0.5672
bm6m:l2m 0.5201 1 0.3333 5.165e-05 0.4456
bm6m:l3m 0.6859 1 0.6478 0.0003807 0.5401
bm6m:l4m 0.4185 0.2791 0.3746 0.0003941 0.3482
bm6m:l5m 0.359 1 1 0.0006842 0.2603
bm6m:r10m 0.2709 0.1457 0.6473 TRUE 1
bm6m:r4m 0.4093 1 0.07234 TRUE 1
bm6m:r5m 0.2601 0.2367 0.001378 0.009704 0.7942
bm6m:r8m 0.2657 1 0.5703 TRUE 1
bm6m:r9m 0.09875 1 0.5409 TRUE 1
bm7f:bm8f 0.8328 0.437 0.5776 TRUE 1
bm7f:ch1f 0.7981 0.09578 0.2 TRUE 1
bm7f:ch4f 0.3424 1 1 TRUE 1
bm7f:ch5f 0.02274 0.09065 0.7465 TRUE 1
bm7f:ch6f 0.1919 0.09307 0.3412 TRUE TRUE
bm7f:l1f 0.4374 1.711e-05 5.155e-05 2.205e-06 0.09242
bm7f:l2f 0.864 0.6021 0.3673 0.002043 0.527
bm7f:l3f 0.5592 1 1 0.002758 0.9948
bm7f:l4f 0.622 0.01366 0.0002497 0.0002384 0.9571
bm7f:l5f 0.9708 0.2208 0.1077 0.001402 0.5481
bm7f:r10f 0.5709 0.3565 0.6818 TRUE 1
bm7f:r4f 0.6817 0.01663 0.06002 TRUE 1
bm7f:r5f 0.4235 0.5489 0.3911 0.005221 1
bm7f:r8f 0.246 1 0.2558 TRUE 1
bm7f:r9f 0.4627 1 1 TRUE 1
bm7m:bm8m 0.5112 1 0.1744 TRUE 1
bm7m:ch1m 0.4626 1 1 TRUE 1
bm7m:ch4m 0.9613 1 1 TRUE 1
bm7m:ch5m 0.8472 1 0.5357 TRUE 1
bm7m:ch6m 0.7166 1 0.3703 TRUE 1
bm7m:l1m 0.4782 0.362 0.2292 0.0003639 0.6649
bm7m:l2m 0.4352 1 0.8254 0.0002078 0.3846
bm7m:l3m 0.3129 1 0.5218 9.945e-05 0.8335
bm7m:l4m 0.7301 0.3475 0.5405 0.0001531 0.9106
bm7m:l5m 0.2693 1 0.639 0.001446 0.6514
bm7m:r10m 0.682 0.1525 0.7044 TRUE 1
bm7m:r4m 0.9018 1 0.1521 TRUE 1
bm7m:r5m 0.2163 0.31 0.000781 5.708e-06 0.678
bm7m:r8m 0.1947 1 0.1799 TRUE TRUE
bm7m:r9m 0.9634 1 0.264 TRUE 1
bm8f:ch1f 0.9741 1 1 TRUE 1
bm8f:ch4f 0.5247 1 0.402 TRUE 1
bm8f:ch5f 0.748 0.1038 0.1859 TRUE 1
bm8f:ch6f 0.5074 1 0.22 TRUE 1
bm8f:l1f 1 1 0.4259 0.003866 0.4178
bm8f:l2f 0.6115 1 1 0.001416 0.7152
bm8f:l3f 0.8481 1 1 0.008265 0.4442
bm8f:l4f 0.4194 1 0.7818 0.03527 0.3034
bm8f:l5f 0.2617 1 0.5526 0.0001721 0.1395
bm8f:r10f 0.8762 1 1 TRUE 1
bm8f:r4f 0.7132 1 0.7046 TRUE 1
bm8f:r5f 0.2653 0.148 0.04552 TRUE 1
bm8f:r8f 0.1653 1 0.7209 TRUE 1
bm8f:r9f 0.5128 1 0.7074 TRUE 1
bm8m:ch1m 0.5977 1 0.3478 TRUE 1
bm8m:ch4m 0.4001 1 0.3465 TRUE 1
bm8m:ch5m 0.82 0.01568 0.1318 TRUE 1
bm8m:ch6m 0.6798 1 1 TRUE 1
bm8m:l1m 0.5322 0.06339 0.1604 0.01152 1
bm8m:l2m 0.6716 1 0.521 8.631e-05 0.03465
bm8m:l3m 0.5054 1 0.3601 9.402e-06 0.3668
bm8m:l4m 0.4423 0.3559 0.5706 0.00435 0.926
bm8m:l5m 0.4526 1 0.1767 0.0001845 0.1761
bm8m:r10m 0.1416 0.09971 0.4675 TRUE 1
bm8m:r4m 0.6858 1 0.647 TRUE 1
bm8m:r5m 0.2514 0.04016 0.2017 0.2401 0.803
bm8m:r8m 0.2421 0.2229 1 TRUE 1
bm8m:r9m 0.331 1 1 TRUE 1
ch1f:ch4f 9.181e-05 1 TRUE TRUE
ch1f:ch5f 1.11e-113 0.002486 TRUE TRUE
ch1f:ch6f 6.56e-225 4.015e-05 TRUE TRUE
ch1f:l1f 0.003714 0.7051 3.883e-05 0.3478
ch1f:l2f 0.3815 0.3932 0.01079 0.1483
ch1f:l3f 0.2842 0.3969 0.002822 0.6399
ch1f:l4f 0.1631 0.4099 0.0004299 0.8684
ch1f:l5f 0.09541 0.661 0.00877 0.2198
ch1f:r10f 0.4512 0.4181 TRUE 1
ch1f:r4f 0.6356 0.263 TRUE 1
ch1f:r5f 0.4136 0.02421 TRUE 1
ch1f:r8f 0.2728 1 TRUE 1
ch1f:r9f 0.5711 1 TRUE 1
ch1m:ch4m 5.527e-09 0.01965 TRUE TRUE
ch1m:ch5m 1.058e-120 4.599e-06 TRUE TRUE
ch1m:ch6m 4.941e-324 1.695e-09 TRUE TRUE
ch1m:l1m 0.6777 0.4372 0.003148 0.9003
ch1m:l2m 0.5206 0.6692 9.996e-06 0.4911
ch1m:l3m 0.9425 0.2333 7.078e-06 0.1619
ch1m:l4m 1 0.03167 1.653e-05 0.294
ch1m:l5m 0.7065 0.6498 0.0005656 0.1554
ch1m:r10m 0.8785 0.1932 TRUE 1
ch1m:r4m 0.3067 0.6216 TRUE 1
ch1m:r5m 0.2088 0.6369 0.03706 0.3546
ch1m:r8m 0.8719 1 TRUE 1
ch1m:r9m 0.5097 0.5875 TRUE 1
ch4f:ch5f 1.314e-13 0.6234 TRUE TRUE
ch4f:ch6f 2.715e-07 5.939e-05 TRUE TRUE
ch4f:l1f 0.02116 0.4762 0.0004805 0.9594
ch4f:l2f 0.0439 0.4117 0.001238 0.2083
ch4f:l3f 0.02977 1 0.001559 0.3878
ch4f:l4f 0.3528 1 0.002331 0.1559
ch4f:l5f 0.1565 0.2517 0.005343 0.2155
ch4f:r10f 0.9297 1 TRUE 1
ch4f:r4f 0.6004 1 TRUE 1
ch4f:r5f 0.0364 0.5237 TRUE 1
ch4f:r8f 0.4973 0.6294 TRUE 1
ch4f:r9f 0.9749 0.09384 TRUE 1
ch4m:ch5m 7.126e-11 0.09383 TRUE TRUE
ch4m:ch6m 8.378e-07 0.3024 TRUE TRUE
ch4m:l1m 0.9553 0.4556 0.001578 0.6752
ch4m:l2m 0.7358 0.2195 0.008122 0.7842
ch4m:l3m 0.3938 0.4149 0.001838 0.7326
ch4m:l4m 0.8171 0.1213 0.00155 0.2362
ch4m:l5m 0.9791 0.05525 9.638e-05 0.7758
ch4m:r10m 0.04227 1 TRUE 1
ch4m:r4m 0.8907 1 TRUE 1
ch4m:r5m 0.88 0.3291 0.5827 0.9395
ch4m:r8m 0.6162 0.3267 TRUE 1
ch4m:r9m 0.4788 0.6089 TRUE 1
ch5f:ch6f 4.158e-36 0.001182 TRUE TRUE
ch5f:l1f 0.6676 0.46 0.005084 0.5129
ch5f:l2f 0.8029 0.6829 0.002272 0.7616
ch5f:l3f 0.7338 0.6978 0.01582 0.9727
ch5f:l4f 0.7796 0.7141 0.02549 0.7051
ch5f:l5f 0.9404 1 0.001363 0.7708
ch5f:r10f 0.3555 0.2792 TRUE 1
ch5f:r4f 0.8767 0.6216 TRUE 1
ch5f:r5f 0.3067 0.2256 0.08681 0.7945
ch5f:r8f 0.7641 0.319 TRUE 1
ch5f:r9f 0.03254 0.2856 TRUE 1
ch5m:ch6m 8.644e-59 0.01349 TRUE TRUE
ch5m:l1m 0.9191 1 0.0002023 0.5985
ch5m:l2m 0.8786 0.2342 0.0005744 0.5858
ch5m:l3m 0.9611 0.7077 0.01587 0.04831
ch5m:l4m 0.4708 0.1433 0.00656 0.5356
ch5m:l5m 0.566 0.662 0.01853 0.9381
ch5m:r10m 0.9476 0.2813 TRUE 1
ch5m:r4m 0.6475 1 TRUE 1
ch5m:r5m 0.1375 0.04496 0.01252 0.7115
ch5m:r8m 1 0.3575 TRUE 1
ch5m:r9m 0.5292 0.6229 TRUE 1
ch6f:l1f 0.0359 1 0.7594 0.003708 0.09979
ch6f:l2f 0.134 1 0.4923 0.003189 1
ch6f:l3f 0.09931 1 0.7325 0.002998 0.6548
ch6f:l4f 0.3219 1 0.1043 0.0005344 0.901
ch6f:l5f 0.08804 1 0.5015 0.001622 0.6082
ch6f:r10f 0.4187 0.05156 0.2721 TRUE 1
ch6f:r4f 0.6138 1 1 TRUE 1
ch6f:r5f 0.4937 1 0.1485 0.02538 0.3033
ch6f:r8f 0.5214 1 1 TRUE 1
ch6f:r9f 0.4294 1 0.6485 TRUE 1
ch6m:l1m 0.4544 1 0.01632 0.5639
ch6m:l2m 0.3909 0.6877 3.088e-06 0.4033
ch6m:l3m 0.6687 1 8.745e-05 0.2438
ch6m:l4m 0.8695 0.7148 0.001813 0.5683
ch6m:l5m 0.9054 1 0.002083 0.8977
ch6m:r10m 0.225 1 TRUE 1
ch6m:r4m 0.2475 0.09014 TRUE 1
ch6m:r5m 0.2802 1 0.05477 0.8601
ch6m:r8m 0.4319 1 TRUE 1
ch6m:r9m 0.1648 1 TRUE 1
l1f:l2f 1.186e-65 1.64e-245 1.36e-293 0 0.007458
l1f:l3f 4.628e-97 1.664e-298 0 0 TRUE
l1f:l4f 4.941e-324 0 0 0 TRUE
l1f:l5f 9.491e-101 1.494e-310 0 0 TRUE
l1f:r10f 0.1511 0.9287 1 TRUE 1
l1f:r4f 0.02877 0.5962 0.03728 TRUE 1
l1f:r5f 0.0001298 0.0009679 4.886e-05 1.043e-10 0.5581
l1f:r8f 0.05832 0.08141 0.0482 TRUE 1
l1f:r9f 0.08024 0.001312 0.0002316 TRUE 1
l1m:l2m 7.996e-57 2.177e-198 1.322e-245 8.255e-298 8.485e-23
l1m:l3m 3.321e-106 0 0 0 TRUE
l1m:l4m 4.941e-324 0 0 0 TRUE
l1m:l5m 1.044e-54 1.797e-258 4.094e-294 2.085e-321 0.000503
l1m:r10m 0.5391 0.4155 0.1434 TRUE 1
l1m:r4m 0.5023 0.4691 0.244 TRUE 1
l1m:r5m 3.882e-07 9.229e-07 6.817e-14 1.565e-20 0.01463
l1m:r8m 0.002997 0.01495 0.0002102 TRUE 1
l1m:r9m 0.4992 0.08013 0.117 TRUE 1
l2f:l3f 4.941e-324 0 0 0 TRUE
l2f:l4f 6.881e-207 3.145e-207 9.416e-281 0 TRUE
l2f:l5f 4.941e-324 0 0 0 TRUE
l2f:r10f 0.09587 0.7749 0.6614 TRUE 1
l2f:r4f 0.4993 0.1067 0.1111 TRUE 1
l2f:r5f 0.02721 0.008068 0.004984 0.004404 0.744
l2f:r8f 0.2089 0.04956 0.3037 TRUE 1
l2f:r9f 0.2642 0.003077 0.0001288 TRUE 1
l2m:l3m 4.941e-324 0 0 0 TRUE
l2m:l4m 8.357e-110 2.275e-199 3.219e-281 0 TRUE
l2m:l5m 4.941e-324 0 0 0 TRUE
l2m:r10m 0.4931 0.1479 0.1657 TRUE 1
l2m:r5m 0.01029 3.289e-05 2.129e-08 4.52e-11 0.04535
l2m:r8m 0.02749 0.001776 0.0003941 TRUE 1
l2m:r9m 0.3259 0.1136 0.04298 TRUE 1
l3f:l4f 8.361e-196 2.782e-251 2.691e-317 0 TRUE
l3f:l5f 4.941e-324 0 0 0 TRUE
l3f:r10f 0.8204 0.7266 0.9466 TRUE 1
l3f:r4f 0.5476 0.1051 0.01692 TRUE 1
l3f:r5f 0.00579 0.01666 0.001947 TRUE 1
l3f:r8f 0.0272 0.2592 0.2565 TRUE 1
l3f:r9f 0.4084 0.006727 0.0001893 TRUE 1
l3m:l4m 1.167e-225 5.7e-277 0 0 TRUE
l3m:l5m 4.941e-324 0 0 0 TRUE
l3m:r10m 0.2632 0.7213 0.05071 TRUE 1
l3m:r4m 0.6916 0.8464 0.7721 TRUE 1
l3m:r5m 0.0004196 0.0003929 2.531e-06 1.076e-09 0.1212
l3m:r8m 0.6649 0.02262 0.02106 TRUE 1
l3m:r9m 0.339 0.00292 0.01984 TRUE 1
l4f:l5f 4.941e-324 0 0 0 TRUE
l4f:r10f 0.06551 0.04025 0.03698 TRUE 1
l4f:r4f 0.1923 1 0.3423 TRUE 1
l4f:r5f 0.002763 1.555e-05 5.321e-10 TRUE 1
l4f:r8f 0.04325 0.01819 0.0003798 TRUE 1
l4f:r9f 0.04958 0.01713 0.0001829 TRUE 1
l4m:l5m 9.035e-281 0 0 0 TRUE
l4m:r10m 0.7396 1 0.6797 TRUE 1
l4m:r4m 0.4373 0.5673 0.1255 TRUE 1
l4m:r5m 1.399e-05 4.279e-07 6.357e-12 3.491e-22 1.147e-06
l4m:r8m 0.1093 3.307e-05 0.00013 TRUE 1
l4m:r9m 0.451 0.1639 0.3766 TRUE 1
l5f:r10f 0.2878 0.691 1 TRUE 1
l5f:r4f 0.1373 0.02897 0.0193 TRUE 1
l5f:r5f 0.004932 0.001476 0.001132 0.0002248 0.3445
l5f:r8f 0.1979 0.1413 0.04611 TRUE 1
l5f:r9f 0.2581 0.00959 0.01989 TRUE 1
l5m:r10m 1 0.4893 0.345 TRUE 1
l5m:r4m 0.9109 0.2088 0.5818 TRUE 1
l5m:r5m 0.04455 0.03931 0.0002458 2.863e-09 3.178e-05
l5m:r8m 0.1329 0.004482 0.01799 TRUE 1
l5m:r9m 0.666 8.493e-05 0.001229 TRUE 1
r10f:r4f 0.004538 0.4268 TRUE 1
r10f:r5f 0.009609 0.04286 TRUE 1
r10f:r8f 0.003685 0.001838 TRUE 1
r10f:r9f 0.9495 1 TRUE 1
r10m:r4m 0.2443 0.3393 TRUE 1
r10m:r5m 0.1842 1 TRUE 1
r10m:r8m 0.5778 0.379 TRUE 1
r10m:r9m 0.3114 1 TRUE 1
r4f:r5f 0.004139 0.2541 TRUE 1
r4f:r8f 0.332 1 TRUE 1
r4f:r9f 0.6936 0.2086 TRUE 1
r4m:r5m 0.3923 0.05402 0.02464 0.9785
r4m:r8m 0.8853 0.1664 TRUE 1
r4m:r9m 0.4245 0.6276 TRUE 1
r5f:r8f 0.006373 0.1452 0.000891 TRUE 1
r5f:r9f 0.4942 1 0.7302 TRUE 1
r5m:r8m 0.09831 0.0007911 8.63e-06 TRUE 1
r5m:r9m 0.5995 1 0.8075 TRUE 1
r8f:r9f 0.6351 1 1 TRUE 1
r8m:r9m 0.3889 0.1035 0.01136 TRUE 1
