trait	trait_name	m_est	m_est_se	m_z	m_p	f_est	f_est_se	f_z	f_p	stat	stat_abs	stat_sign	p_diff	p_diff_adj
Age at first birth  (atlas) 27798627	Age at first birth	0.11	0.01	10.92	4.47071844168681e-28	0.04	0	14.57	2.28842246099925e-48	6.46	6.45784317534082	1	1.06205714160167e-10	5.31028570800835e-09
Fasting insulin (requested) 33402679	Fasting insulin	0.26	0.03	9.44	1.89246983020376e-21	0.1	0.02	5.53	1.5976277372353e-08	4.86	4.85978054816529	1	1.17515943579992e-06	2.93789858949981e-05
Waist circumference (adjusted for BMI) (atlas) 25673412	Waist circumference (adjBMI)	0.17	0.01	15.4	8.65240280777599e-54	0.11	0.01	13.06	2.80387274018091e-39	4.4	4.39651088278034	1	1.10004847854585e-05	0.000183341413090974
PTSD (requested) 31594949	PTSD	0.04	0.01	6.68	1.16783734303695e-11	0.07	0.01	10.87	8.21928094283134e-28	-3.73	3.7271352222559	-1	0.000193668564946394	0.00242085706182993
Multisite chronic pain (requested) 33830993	Multisite chronic pain	0.07	0	15.7	7.84444181262273e-56	0.09	0	22.71	1.76297234984325e-114	-3.28	3.27613646675478	-1	0.00105237697227871	0.0105237697227871
Schizophrenia (requested) 35396580	Schizophrenia	0.18	0.01	25.92	4.09412043646138e-148	0.15	0.01	17.99	2.17200109846335e-72	3.15	3.14853893757607	1	0.00164088861302176	0.0136740717751813
Major Depression (requested) 31206164	Major Depression	0.05	0.01	3.39	0.000703278425817394	0.1	0.01	7.37	1.7545633515332e-13	-2.79	2.78872578784104	-1	0.00529158475418823	0.0335480715776207
CC Central (requested) NA	CC Central	0.13	0.03	4.45	4.25713274369773e-06	0.25	0.03	8.26	7.05276711234495e-17	-2.78	2.78409738853846	-1	0.00536769145241932	0.0335480715776207
ADHD (requested) 29325848	ADHD	0.15	0.01	11.97	5.32223097593586e-33	0.09	0.02	4.79	1.6613408953432e-06	2.71	2.70797744152712	1	0.00676946235441515	0.0376081241911953
Snoring (requested) 32060260	Snoring	0.08	0.01	15.94	3.19409812994787e-57	0.1	0	21.27	2.03120978316698e-100	-2.66	2.6561625721238	-1	0.00790355022944163	0.0377436940325902
Free thyroxine (FT4) (atlas) 30367059	Free thyroxine (FT4)	0.2	0.03	7.58	1.78518985397044e-14	0.11	0.02	5.15	1.27354178898778e-07	2.64	2.63946855196842	1	0.00830361268716984	0.0377436940325902
Hip circumference (adjusted for BMI) (atlas) 25673412	Hip circumference (adjBMI)	0.19	0.01	13.22	3.16828729213983e-40	0.15	0.01	14.8	7.32413111982728e-50	2.61	2.60983230327294	1	0.00905866173436724	0.0377444238931968
Number of children ever born  (atlas) 27798627	Number of children ever born	0.03	0	7.12	5.3013003815893e-13	0.02	0	10.48	5.55652294481084e-26	2.42	2.41978997698632	1	0.0155294734619652	0.0597287440844817
Educational attainment (requested) 27225129	Educational attainment	0.2	0.01	22.54	8.54504708590599e-113	0.18	0.01	24.08	1.97304250541162e-128	1.94	1.93528192146474	1	0.0529557095808999	0.1891275342175
Waist-hip ratio  (atlas) 25673412	Waist-hip ratio	0.14	0.01	13.12	1.32435900534729e-39	0.11	0.01	12.53	2.62048780002844e-36	1.73	1.73370137374317	1	0.0829710826623334	0.276570275541111
Height SDS (atlas) 23449627	Height SDS	0.39	0.08	4.77	9.35372414232316e-07	0.57	0.07	7.9	1.44526793496081e-15	-1.57	1.57123851895682	-1	0.116127255993299	0.362897674979058
Type 2 diabetes (requested) 30297969	Type 2 diabetes	0.16	0.01	16.29	1.24665060827733e-59	0.18	0.01	18.4	1.31364769867739e-75	-1.49	1.49271669662038	-1	0.1355113609219	0.398562826240882
Grip strength measurement/ Muscle weakness (requested) 33510174	Grip strength measurement/ Muscle weakness	0.09	0.01	7.61	2.66489884755697e-14	0.11	0.01	12.98	1.62529202702439e-38	-1.36	1.35608335986253	-1	0.175072646674851	0.48631290743014
LDL (requested) 36575460	LDL	0.09	0.01	8.04	4.65176548895986e-16	0.11	0.01	8.37	2.9886722870155e-17	-1.27	1.26544231883365	-1	0.205712813170349	0.541349508343025
Parkinson's disease (requested) 33901317	Parkinson's disease	0.07	0.01	10.35	4.21969173305485e-25	0.08	0.01	7.21	5.45985404911904e-13	-1.16	1.15675468742319	-1	0.247372599542798	0.618431498856994
TC (requested) 36575460	TC	0.1	0.01	9.29	7.45935054220326e-21	0.12	0.01	9.01	1.05385469130956e-19	-1.08	1.07583598374294	-1	0.282000616078811	0.671430038282884
Spelling (requested) 35998220	Spelling	0.15	0.06	2.63	0.00423879418307772	0.22	0.05	4.21	1.26108825475641e-05	-1.01	1.01027793563069	-1	0.31236214916156	0.688212208027648
Waist circumference  (atlas) 25673412	Waist circumference	0.17	0.01	13.29	1.2598872173499e-40	0.15	0.01	19.11	9.93584887276029e-82	0.98	0.978214849414122	1	0.327968073642598	0.688212208027648
Performance IQ (requested) 35998220	Performance IQ	0.21	0.05	4.36	6.49075070566312e-06	0.15	0.05	3.07	0.00105550731528185	0.95	0.953669171746656	1	0.340251129727329	0.688212208027648
logTG (requested) 36575460	logTG	0.11	0.01	9.7	1.44459019017755e-22	0.13	0.01	10.29	3.89574529457503e-25	-0.95	0.946083293809385	-1	0.344106104013824	0.688212208027648
Waist-hip ratio (adjusted for BMI) (atlas) 25673412	Waist-hip ratio (adjBMI)	0.12	0.01	11.88	7.11442618251922e-33	0.11	0.01	10.49	5.0241742324965e-26	0.91	0.913476773118389	1	0.360991843997205	0.689179805976346
Thyroid-stimulating hormone  (atlas) 30367059	Thyroid-stimulating hormone	0.12	0.03	4.16	1.61606537258803e-05	0.09	0.02	4.22	1.24357577898365e-05	0.89	0.892440082079701	1	0.372157095227227	0.689179805976346
HDL (requested) 36575460	HDL	0.14	0.01	9.23	1.35657809712308e-20	0.15	0.02	9.88	2.42721163855198e-23	-0.82	0.818471864984757	-1	0.413087800945427	0.737656787402549
Insomnia (requested) 35835914	Insomnia	0.03	0	12.63	1.46921323940531e-36	0.03	0	16.97	1.39877882199914e-64	-0.73	0.734828501889062	-1	0.462443946516633	0.760861161337819
nonHDL (requested) 36575460	nonHDL	0.11	0.01	7.33	1.16060167525108e-13	0.12	0.01	8.39	2.39190354438925e-17	-0.71	0.714245225341188	-1	0.475075555929355	0.760861161337819
Cardiovascular disease (requested) 36474045	Cardiovascular disease	0.11	0.01	13.65	2.01878565343355e-42	0.12	0.01	11.17	5.47161209476923e-29	-0.68	0.678215731155622	-1	0.497634919686388	0.760861161337819
Left 5m area (requested) NA	Left 5m area	0.16	0.04	4.3	8.56053623786559e-06	0.19	0.03	5.8	3.36315154353172e-09	-0.68	0.676261143757382	-1	0.498874858125201	0.760861161337819
Left PoI GM thikness (requested) NA	Left PoI GM thikness	0.13	0.03	3.84	6.1747979395871e-05	0.1	0.03	3.34	0.000425755466277857	0.65	0.647997057092282	1	0.516986853706995	0.760861161337819
Waist-hip ratio (<= 50 yrs, adjusted for BMI) (atlas) 26426971	Waist-hip ratio (<= 50 yrs, adjBMI)	0.13	0.02	6.1	5.31917058398181e-10	0.11	0.01	7.54	2.40614030567881e-14	0.63	0.634905837506103	1	0.52548982962271	0.760861161337819
Hip circumference  (atlas) 25673412	Hip circumference	0.18	0.01	13.43	1.96813428839862e-41	0.17	0.01	19.02	5.52895310183658e-81	0.62	0.624037720753384	1	0.532602812936473	0.760861161337819
Left Caudate (requested) NA	Left Caudate	0.34	0.04	9.28	8.18108145855411e-21	0.37	0.04	10.07	3.80677838950639e-24	-0.59	0.592491083522126	-1	0.553521789773062	0.765066621267207
Height  (atlas) 23754948	Height	0.25	0.01	16.93	1.28721301835354e-64	0.24	0.02	15.81	1.34407141742679e-56	0.56	0.563778070160392	1	0.572905178156215	0.765066621267207
Word reading (requested) 35998220	Word reading	0.16	0.03	4.78	8.96533199947562e-07	0.13	0.03	4.01	3.04870453068011e-05	0.55	0.551267035942401	1	0.581450632163077	0.765066621267207
Nonword reading (requested) 35998220	Nonword reading	0.24	0.06	4.07	2.36170402743398e-05	0.28	0.06	5.03	2.44990136526869e-07	-0.5	0.501744364768968	-1	0.61584735284768	0.788109609993319
Left Putamen (requested) NA	Left Putamen	0.34	0.04	8.69	1.87587062537983e-18	0.32	0.04	7.53	2.58711382646908e-14	0.48	0.481040537578359	1	0.630487687994655	0.788109609993319
Risk-taking behaviour (requested) 30181555	Risk-taking behaviour	0.11	0.01	14.91	2.79069664452507e-50	0.12	0.01	15.19	3.8491299723665e-52	-0.35	0.353274509247581	-1	0.723882653745116	0.882783724079409
Carotid intima-media thickness (requested) 31801372	Carotid intima-media thickness	0.26	0.04	5.86	2.34550885306354e-09	0.28	0.04	6.55	2.9198246305662e-11	-0.28	0.278258423458697	-1	0.780813989488044	0.906251156869141
Body Mass Index  (atlas) 25673413	Body Mass Index	0.16	0.01	18.91	4.8959201232491e-80	0.16	0.01	22.77	4.08976386698923e-115	0.25	0.249344899020862	1	0.803094003409375	0.906251156869141
Waist-hip ratio (> 50 yrs, adjusted for BMI) (atlas) 26426971	Waist-hip ratio (> 50 yrs, adjBMI)	0.11	0.01	8.46	1.31278704671901e-17	0.12	0.01	9.13	3.30502758432343e-20	-0.23	0.234748473659818	-1	0.814403962255714	0.906251156869141
Weight  (atlas) 23754948	Weight	0.19	0.01	15.73	4.91786160346527e-56	0.19	0.01	18.69	2.98565026337212e-78	0.22	0.216595661201419	1	0.828523467337186	0.906251156869141
Left MST area (requested) NA	Left MST area	0.11	0.03	3.51	0.000221260969424316	0.11	0.03	3.66	0.000127022683862557	-0.21	0.209893155560807	-1	0.83375106431961	0.906251156869141
Pubertal growth  (atlas) 23449627	Pubertal growth	0.39	0.09	4.15	1.6810978169447e-05	0.37	0.09	4.21	1.28871962905551e-05	0.12	0.122656871174195	1	0.902378817713883	0.959977465653067
Fasting glucose (requested) 33402679	Fasting glucose	0.44	0.1	4.46	4.11619459133739e-06	0.43	0.1	4.46	4.01890277995325e-06	0.08	0.0804117737094919	1	0.93590976316294	0.974906003294729
Alzheimer's Disease (requested) NA	Alzheimer's Disease	0.01	0	3.87	0.000110333070054557	0.01	0	4	6.33424836662398e-05	0.02	0.0181779683400877	1	0.985496878450781	0.997257186487455
Right Putamen (requested) NA	Right Putamen	0.33	0.04	8.42	1.92625503201611e-17	0.33	0.04	7.71	6.47621722500678e-15	0	0.00343761372176819	1	0.997257186487455	0.997257186487455
