pair shared single distinct
126m:136m 1 0 1
126m:144m 2 0 2
126m:151m 1 0 1
126m:152m 1 0 1
126m:181m 1 0 1
126m:187m 2 0 2
126m:4370m 1 0 1
126m:4373m 2 0 2
126m:a13m 4 0 4
126m:a22m 1 0 1
126m:a8m 11 0 11
126m:a9m 1 0 1
126m:l1m 20 0 20
126m:l2m 14 0 14
126m:l3m 18 0 18
126m:l4m 16 0 16
126m:l5m 10 0 10
126m:r5m 8 0 8
127f:145f 2 0 2
127f:153f 6 0 6
127f:154f 3 0 3
127f:159f 1 0 1
127f:165f 1 0 1
127f:177f 5 0 5
127f:183f 5 0 5
127f:189f 7 0 7
127f:4371f 1 0 1
127f:4374f 2 0 2
127f:a13f 1 0 1
127f:a22f 2 0 2
127f:a27f 2 0 2
127f:a29f 1 0 1
127f:a8f 12 0 12
127f:bm2f 2 0 2
127f:bm4f 52 0 52
127f:l1f 23 0 23
127f:l2f 19 0 19
127f:l3f 24 0 24
127f:l4f 19 0 19
127f:l5f 23 0 23
127f:r5f 3 0 3
136m:151m 1 0 1
136m:152m 1 0 1
136m:181m 1 0 1
136m:187m 1 0 1
136m:a22m 1 0 1
136m:a30m 1 0 1
136m:a8m 1 0 1
136m:l1m 4 0 4
136m:l2m 3 0 3
136m:l3m 3 0 3
136m:l4m 3 0 3
136m:l5m 2 0 2
136m:r5m 1 0 1
137f:99f 1 0 1
137f:a27f 1 0 1
137f:a30f 1 0 1
137f:l1f 2 0 2
137f:l2f 1 0 1
137f:l4f 2 0 2
137f:r8f 1 0 1
144m:175m 2 0 2
144m:4212m 2 0 2
144m:4370m 1 0 1
144m:a13m 1 0 1
144m:a1m 1 0 1
144m:a27m 2 0 2
144m:a8m 2 0 2
144m:l1m 8 0 8
144m:l2m 7 0 7
144m:l3m 8 0 8
144m:l4m 9 0 9
144m:l5m 6 0 6
144m:r5m 7 0 7
145f:165f 2 0 2
145f:177f 1 0 1
145f:96f 2 0 2
145f:99f 1 0 1
145f:a27f 4 0 4
145f:a29f 1 0 1
145f:a30f 3 0 3
145f:a8f 1 0 1
145f:a9f 1 0 1
145f:l1f 6 0 6
145f:l2f 6 0 6
145f:l3f 8 0 8
145f:l4f 9 0 9
145f:l5f 5 0 5
145f:r5f 1 0 1
145f:r8f 1 0 1
151m:a29m 1 0 1
151m:a8m 1 0 1
151m:l2m 1 0 1
151m:l3m 1 0 1
151m:l5m 2 0 2
152m:163m 1 0 1
152m:a29m 1 0 1
152m:a8m 1 0 1
152m:l2m 1 0 1
152m:l3m 1 0 1
152m:l4m 1 0 1
152m:l5m 1 0 1
153f:165f 1 0 1
153f:4213f 2 0 2
153f:4371f 1 0 1
153f:a30f 1 0 1
153f:a8f 3 0 3
153f:l1f 4 0 4
153f:l2f 4 0 4
153f:l3f 4 0 4
153f:l5f 3 0 3
153f:r5f 1 0 1
154f:4213f 1 0 1
154f:4371f 1 0 1
154f:a1f 1 0 1
154f:a8f 2 0 2
154f:l1f 2 0 2
154f:l2f 2 0 2
154f:l3f 1 0 1
154f:l5f 1 0 1
154f:r5f 1 0 1
157m:175m 1 0 1
157m:a1m 2 0 2
157m:a22m 1 0 1
157m:a28m 2 0 2
157m:l1m 4 0 4
157m:l2m 2 0 2
157m:l3m 2 0 2
157m:l4m 3 0 3
157m:l5m 1 0 1
157m:r5m 4 0 4
159f:171f 2 0 2
159f:177f 2 0 2
159f:183f 1 0 1
159f:96f 1 0 1
159f:99f 1 0 1
159f:a13f 1 0 1
159f:a27f 2 0 2
159f:a29f 1 0 1
159f:a30f 3 0 3
159f:l1f 7 0 7
159f:l2f 6 0 6
159f:l3f 7 0 7
159f:l4f 5 0 5
159f:l5f 4 0 4
159f:r5f 2 0 2
163m:175m 1 0 1
163m:181m 1 0 1
163m:187m 1 0 1
163m:4373m 1 0 1
163m:a13m 4 0 4
163m:a22m 1 0 1
163m:a28m 1 0 1
163m:a30m 1 0 1
163m:a8m 2 0 2
163m:l1m 16 0 16
163m:l2m 11 0 11
163m:l3m 11 0 11
163m:l4m 7 0 7
163m:l5m 7 0 7
163m:r5m 7 0 7
165f:177f 7 0 7
165f:189f 3 0 3
165f:a21f 1 0 1
165f:a22f 1 0 1
165f:a29f 1 0 1
165f:a8f 5 0 5
165f:bm4f 5 0 5
165f:l1f 12 0 12
165f:l2f 14 0 14
165f:l3f 15 0 15
165f:l4f 10 0 10
165f:l5f 15 0 15
165f:r5f 2 0 2
169m:181m 2 0 2
169m:a1m 2 0 2
169m:a28m 1 0 1
169m:a8m 1 0 1
169m:l1m 3 0 3
169m:l2m 1 0 1
169m:l3m 2 0 2
169m:l4m 3 0 3
169m:l5m 1 0 1
169m:r5m 4 0 4
171f:177f 1 0 1
171f:99f 1 0 1
171f:a13f 1 0 1
171f:a27f 1 0 1
171f:l1f 4 0 4
171f:l2f 5 0 5
171f:l3f 5 0 5
171f:l4f 4 0 4
171f:l5f 4 0 4
171f:r5f 1 0 1
171f:r8f 1 0 1
175m:187m 4 0 4
175m:4373m 1 0 1
175m:a13m 3 0 3
175m:a22m 1 0 1
175m:a8m 3 0 3
175m:l1m 8 0 8
175m:l2m 9 0 9
175m:l3m 9 0 9
175m:l4m 12 0 12
175m:l5m 7 0 7
175m:r5m 2 0 2
177f:189f 2 0 2
177f:4371f 1 0 1
177f:a1f 1 0 1
177f:a30f 2 0 2
177f:a8f 1 0 1
177f:l1f 4 0 4
177f:l2f 13 0 13
177f:l3f 10 0 10
177f:l4f 5 0 5
177f:l5f 7 0 7
177f:r5f 3 0 3
181m:187m 1 0 1
181m:a28m 1 0 1
181m:a29m 1 0 1
181m:a8m 1 0 1
181m:l2m 1 0 1
181m:l3m 2 0 2
181m:l4m 1 0 1
181m:l5m 1 0 1
183f:189f 1 0 1
183f:4371f 1 0 1
183f:a1f 1 0 1
183f:a30f 1 0 1
183f:a8f 5 0 5
183f:l1f 4 0 4
183f:l2f 7 0 7
183f:l3f 8 0 8
183f:l4f 2 0 2
183f:l5f 6 0 6
183f:r5f 1 0 1
187m:a13m 2 0 2
187m:a29m 1 0 1
187m:a8m 2 0 2
187m:l1m 1 0 1
187m:l2m 3 0 3
187m:l3m 4 0 4
187m:l4m 3 0 3
187m:l5m 4 0 4
189f:4213f 1 0 1
189f:4371f 1 0 1
189f:a1f 1 0 1
189f:a30f 1 0 1
189f:a7f 2 0 2
189f:a8f 6 0 6
189f:bm8f 1 0 1
189f:l1f 8 0 8
189f:l2f 9 0 9
189f:l3f 9 0 9
189f:l4f 4 0 4
189f:l5f 7 0 7
189f:r5f 2 0 2
4212m:a8m 1 0 1
4212m:bm2m 1 0 1
4212m:l1m 1 0 1
4212m:l2m 1 0 1
4212m:l3m 1 0 1
4212m:l4m 3 0 3
4213f:a8f 1 0 1
4213f:l1f 2 0 2
4213f:l2f 1 0 1
4213f:l4f 3 0 3
4213f:l5f 1 0 1
4370m:4373m 1 0 1
4370m:a13m 1 0 1
4370m:a27m 2 0 2
4370m:a8m 2 0 2
4370m:l1m 4 0 4
4370m:l2m 9 0 9
4370m:l3m 7 0 7
4370m:l4m 6 0 6
4370m:l5m 6 0 6
4370m:r5m 3 0 3
4371f:a27f 1 0 1
4371f:a8f 2 0 2
4371f:l1f 6 0 6
4371f:l2f 7 0 7
4371f:l3f 9 0 9
4371f:l4f 4 0 4
4371f:l5f 8 0 8
4373m:a13m 1 0 1
4373m:a30m 1 0 1
4373m:a8m 4 0 4
4373m:l1m 2 0 2
4373m:l2m 3 0 3
4373m:l3m 3 0 3
4373m:l4m 2 0 2
4373m:l5m 4 0 4
4374f:a22f 1 0 1
4374f:a30f 1 0 1
4374f:a7f 1 0 1
4374f:a8f 1 0 1
4374f:l1f 2 0 2
4374f:l2f 2 0 2
4374f:l3f 3 0 3
4374f:l4f 2 0 2
4374f:l5f 1 0 1
48f:l3f 1 0 1
48f:l4f 1 0 1
48f:r5f 2 0 2
48f:r8f 1 0 1
97m:r5m 1 0 1
99f:a30f 1 0 1
99f:r8f 1 0 1
a13f:a27f 1 0 1
a13f:a8f 1 0 1
a13f:a9f 1 0 1
a13f:l1f 5 0 5
a13f:l2f 5 0 5
a13f:l3f 8 0 8
a13f:l4f 5 0 5
a13f:l5f 3 0 3
a13f:r5f 2 0 2
a13m:a28m 1 0 1
a13m:a30m 1 0 1
a13m:a8m 12 0 12
a13m:ADr1um 1 0 1
a13m:l1m 22 0 22
a13m:l2m 24 0 24
a13m:l3m 29 0 29
a13m:l4m 19 0 19
a13m:l5m 14 0 14
a13m:r5m 7 0 7
a13m:r9m 1 0 1
a1f:a22f 1 0 1
a1f:a7f 1 0 1
a1f:l1f 2 0 2
a1f:l2f 3 0 3
a1f:l3f 1 0 1
a1f:l4f 1 0 1
a1f:l5f 3 0 3
a21f:a22f 1 0 1
a21f:a30f 1 0 1
a21f:a8f 1 0 1
a21f:l1f 3 0 3
a21f:l2f 4 0 4
a21f:l3f 4 0 4
a21f:l4f 4 0 4
a21f:l5f 4 0 4
a21m:ADr1um 1 0 1
a21m:r9m 1 0 1
a22f:l1f 2 0 2
a22f:l2f 2 0 2
a22f:l3f 2 0 2
a22f:l4f 1 0 1
a22f:l5f 2 0 2
a22f:r8f 1 0 1
a22m:a8m 1 0 1
a22m:l4m 1 0 1
a27f:a7f 2 0 2
a27f:a8f 2 0 2
a27f:l1f 7 0 7
a27f:l2f 11 0 11
a27f:l3f 15 0 15
a27f:l4f 9 0 9
a27f:l5f 11 0 11
a27m:a28m 1 0 1
a27m:a7m 2 0 2
a27m:l1m 7 0 7
a27m:l2m 7 0 7
a27m:l3m 8 0 8
a27m:l4m 9 0 9
a27m:l5m 5 0 5
a27m:r5m 4 0 4
a28f:l2f 2 0 2
a28f:l3f 2 0 2
a28f:l4f 1 0 1
a28f:l5f 3 0 3
a28m:l1m 1 0 1
a28m:l4m 2 0 2
a29f:l1f 1 0 1
a29f:l2f 1 0 1
a29f:l3f 1 0 1
a29f:l4f 1 0 1
a29f:l5f 1 0 1
a30f:a7f 1 0 1
a30f:a8f 3 0 3
a30f:bm2f 1 0 1
a30f:bm4f 29 0 29
a30f:l1f 13 0 13
a30f:l2f 8 0 8
a30f:l3f 9 0 9
a30f:l4f 15 0 15
a30f:l5f 7 0 7
a30f:r5f 7 0 7
a30f:r8f 1 0 1
a30m:a8m 1 0 1
a30m:l1m 3 0 3
a30m:l2m 4 0 4
a30m:l3m 5 0 5
a30m:l4m 2 0 2
a30m:l5m 3 0 3
a30m:r5m 1 0 1
a7f:a8f 1 0 1
a7f:l1f 3 0 3
a7f:l2f 8 0 8
a7f:l3f 6 0 6
a7f:l4f 4 0 4
a7f:l5f 8 0 8
a7f:r5f 3 0 3
a7m:a8m 2 0 2
a7m:l1m 4 0 4
a7m:l2m 4 0 4
a7m:l3m 4 0 4
a7m:l4m 5 0 5
a7m:l5m 3 0 3
a7m:r5m 1 0 1
a8f:bm2f 94 0 94
a8f:bm8f 94 0 94
a8f:l1f 36 0 36
a8f:l2f 39 0 39
a8f:l3f 52 0 52
a8f:l4f 32 0 32
a8f:l5f 41 0 41
a8f:r5f 3 0 3
a8m:bm4m 111 0 111
a8m:bm8m 109 0 109
a8m:l1m 36 0 36
a8m:l2m 54 0 54
a8m:l3m 64 0 64
a8m:l4m 35 0 35
a8m:l5m 51 0 51
a8m:r5m 10 0 10
ADr1uf:l1f 1 0 1
ADr1uf:l2f 1 0 1
ADr1uf:l3f 1 0 1
ADr1uf:l4f 1 0 1
ADr1uf:l5f 1 0 1
ADr1um:l2m 1 0 1
ADr1um:l3m 1 0 1
ADr1um:l4m 1 0 1
ADr1um:l5m 1 0 1
ADr1um:r9m 1 0 1
bm2f:bm4f 49 0 49
bm2f:l1f 391 0 391
bm2f:l2f 289 0 289
bm2f:l3f 339 0 339
bm2f:l4f 363 0 363
bm2f:l5f 283 0 283
bm2f:r5f 26 0 26
bm2m:bm8m 716 0 716
bm2m:l1m 377 0 377
bm2m:l3m 328 0 328
bm2m:l4m 227 0 227
bm2m:l5m 211 0 211
bm2m:r5m 106 0 106
bm4f:l1f 394 0 394
bm4f:l2f 294 0 294
bm4f:l3f 350 0 350
bm4f:l4f 366 0 366
bm4f:l5f 289 0 289
bm4m:l1m 371 0 371
bm4m:l2m 274 0 274
bm4m:l3m 335 0 335
bm4m:l4m 319 0 319
bm4m:l5m 208 0 208
bm4m:r5m 89 0 89
bm5m:l4m 267 0 267
bm6f:l3f 21 0 21
bm6f:l4f 302 0 302
bm6m:l4m 264 0 264
bm7f:l3f 5 0 5
bm7f:l4f 297 0 297
bm7m:l4m 266 0 266
bm8f:l1f 390 0 390
bm8f:l3f 345 0 345
bm8f:l4f 364 0 364
bm8f:r5f 33 0 33
bm8m:l4m 325 0 325
bm8m:r5m 105 0 105
l1f:l2f 134 0 134
l1f:l3f 128 0 128
l1f:l4f 129 0 129
l1f:l5f 118 0 118
l1f:r5f 10 0 10
l1m:l2m 117 0 117
l1m:l3m 131 0 131
l1m:l4m 151 0 151
l1m:l5m 105 0 105
l1m:r5m 41 0 41
l1m:r8m 1 0 1
l1m:r9m 1 0 1
l2f:l5f 78 0 78
l2f:r5f 9 0 9
l2m:l5m 7 1 6
l2m:r5m 26 0 26
l3f:r5f 9 0 9
l3m:r5m 25 0 25
l4f:r5f 10 0 10
l4m:r5m 36 0 36
l4m:r9m 1 0 1
l5f:r5f 6 0 6
l5m:r5m 23 0 23
