100m:126m 0 0 0
100m:136m 0 0 0
100m:144m 0 0 0
100m:151m 0 0 0
100m:152m 0 0 0
100m:157m 0 0 0
100m:163m 0 0 0
100m:169m 0 0 0
100m:175m 0 0 0
100m:181m 0 0 0
100m:187m 0 0 0
100m:4212m 0 0 0
100m:4370m 0 0 0
100m:4373m 0 0 0
100m:49m 0 0 0
100m:52m 0 0 0
100m:97m 0 0 0
100m:a13m 0 0 0
100m:a1m 0 0 0
100m:a21m 0 0 0
100m:a22m 0 0 0
100m:a27m 0 0 0
100m:a28m 0 0 0
100m:a29m 0 0 0
100m:a30m 0 0 0
100m:a7m 0 0 0
100m:a8m 0 0 0
100m:a9m 0 0 0
100m:ADr1um 0 0 0
100m:bm1m 0 0 0
100m:bm2m 0 0 0
100m:bm4m 0 0 0
100m:bm5m 0 0 0
100m:bm6m 0 0 0
100m:bm7m 0 0 0
100m:bm8m 0 0 0
100m:ch1m 0 0 0
100m:ch4m 0 0 0
100m:ch5m 0 0 0
100m:ch6m 0 0 0
100m:l1m 0 0 0
100m:l2m 0 0 0
100m:l3m 0 0 0
100m:l4m 0 0 0
100m:l5m 0 0 0
100m:r10m 0 0 0
100m:r4m 0 0 0
100m:r5m 0 0 0
100m:r8m 0 0 0
100m:r9m 0 0 0
126m:136m 1 0 1
126m:144m 2 0 2
126m:151m 1 0 1
126m:152m 1 0 1
126m:157m 0 0 0
126m:163m 0 0 0
126m:169m 0 0 0
126m:175m 0 0 0
126m:181m 1 0 1
126m:187m 2 0 2
126m:4212m 0 0 0
126m:4370m 1 0 1
126m:4373m 2 0 2
126m:49m 0 0 0
126m:52m 0 0 0
126m:97m 0 0 0
126m:a13m 4 0 4
126m:a1m 0 0 0
126m:a21m 0 0 0
126m:a22m 1 0 1
126m:a27m 0 0 0
126m:a28m 0 0 0
126m:a29m 0 0 0
126m:a30m 0 0 0
126m:a7m 0 0 0
126m:a8m 11 0 11
126m:a9m 1 0 1
126m:ADr1um 0 0 0
126m:bm1m 0 0 0
126m:bm2m 0 0 0
126m:bm4m 0 0 0
126m:bm5m 0 0 0
126m:bm6m 0 0 0
126m:bm7m 0 0 0
126m:bm8m 0 0 0
126m:ch1m 0 0 0
126m:ch4m 0 0 0
126m:ch5m 0 0 0
126m:ch6m 0 0 0
126m:l1m 20 0 20
126m:l2m 14 0 14
126m:l3m 18 0 18
126m:l4m 16 0 16
126m:l5m 10 0 10
126m:r10m 0 0 0
126m:r4m 0 0 0
126m:r5m 8 0 8
126m:r8m 0 0 0
126m:r9m 0 0 0
127f:137f 0 0 0
127f:145f 2 0 2
127f:153f 6 0 6
127f:154f 3 0 3
127f:159f 1 0 1
127f:165f 1 0 1
127f:171f 0 0 0
127f:177f 5 0 5
127f:183f 5 0 5
127f:189f 7 0 7
127f:4213f 0 0 0
127f:4371f 1 0 1
127f:4374f 2 0 2
127f:48f 0 0 0
127f:51f 0 0 0
127f:96f 0 0 0
127f:99f 0 0 0
127f:a13f 1 0 1
127f:a1f 0 0 0
127f:a21f 0 0 0
127f:a22f 2 0 2
127f:a27f 2 0 2
127f:a28f 0 0 0
127f:a29f 1 0 1
127f:a30f 0 0 0
127f:a7f 0 0 0
127f:a8f 12 0 12
127f:a9f 0 0 0
127f:ADr1uf 0 0 0
127f:bm1f 0 0 0
127f:bm2f 2 0 2
127f:bm4f 52 0 52
127f:bm5f 0 0 0
127f:bm6f 0 0 0
127f:bm7f 0 0 0
127f:bm8f 0 0 0
127f:ch1f 0 0 0
127f:ch4f 0 0 0
127f:ch5f 0 0 0
127f:ch6f 0 0 0
127f:l1f 23 0 23
127f:l2f 19 0 19
127f:l3f 24 0 24
127f:l4f 19 0 19
127f:l5f 23 0 23
127f:r10f 0 0 0
127f:r4f 0 0 0
127f:r5f 3 0 3
127f:r8f 0 0 0
127f:r9f 0 0 0
136m:144m 0 0 0
136m:151m 1 0 1
136m:152m 1 0 1
136m:157m 0 0 0
136m:163m 0 0 0
136m:169m 0 0 0
136m:175m 0 0 0
136m:181m 1 0 1
136m:187m 1 0 1
136m:4212m 0 0 0
136m:4370m 0 0 0
136m:4373m 0 0 0
136m:49m 0 0 0
136m:52m 0 0 0
136m:97m 0 0 0
136m:a13m 0 0 0
136m:a1m 0 0 0
136m:a21m 0 0 0
136m:a22m 1 0 1
136m:a27m 0 0 0
136m:a28m 0 0 0
136m:a29m 0 0 0
136m:a30m 1 0 1
136m:a7m 0 0 0
136m:a8m 1 0 1
136m:a9m 0 0 0
136m:ADr1um 0 0 0
136m:bm1m 0 0 0
136m:bm2m 0 0 0
136m:bm4m 0 0 0
136m:bm5m 0 0 0
136m:bm6m 0 0 0
136m:bm7m 0 0 0
136m:bm8m 0 0 0
136m:ch1m 0 0 0
136m:ch4m 0 0 0
136m:ch5m 0 0 0
136m:ch6m 0 0 0
136m:l1m 4 0 4
136m:l2m 3 0 3
136m:l3m 3 0 3
136m:l4m 3 0 3
136m:l5m 2 0 2
136m:r10m 0 0 0
136m:r4m 0 0 0
136m:r5m 1 0 1
136m:r8m 0 0 0
136m:r9m 0 0 0
137f:145f 0 0 0
137f:153f 0 0 0
137f:154f 0 0 0
137f:159f 0 0 0
137f:165f 0 0 0
137f:171f 0 0 0
137f:177f 0 0 0
137f:183f 0 0 0
137f:189f 0 0 0
137f:4213f 0 0 0
137f:4371f 0 0 0
137f:4374f 0 0 0
137f:48f 0 0 0
137f:51f 0 0 0
137f:96f 0 0 0
137f:99f 1 0 1
137f:a13f 0 0 0
137f:a1f 0 0 0
137f:a21f 0 0 0
137f:a22f 0 0 0
137f:a27f 1 0 1
137f:a28f 0 0 0
137f:a29f 0 0 0
137f:a30f 1 0 1
137f:a7f 0 0 0
137f:a8f 0 0 0
137f:a9f 0 0 0
137f:ADr1uf 0 0 0
137f:bm1f 0 0 0
137f:bm2f 0 0 0
137f:bm4f 0 0 0
137f:bm5f 0 0 0
137f:bm6f 0 0 0
137f:bm7f 0 0 0
137f:bm8f 0 0 0
137f:ch1f 0 0 0
137f:ch4f 0 0 0
137f:ch5f 0 0 0
137f:ch6f 0 0 0
137f:l1f 2 0 2
137f:l2f 1 0 1
137f:l3f 0 0 0
137f:l4f 2 0 2
137f:l5f 0 0 0
137f:r10f 0 0 0
137f:r4f 0 0 0
137f:r5f 0 0 0
137f:r8f 1 0 1
137f:r9f 0 0 0
144m:151m 0 0 0
144m:152m 0 0 0
144m:157m 0 0 0
144m:163m 0 0 0
144m:169m 0 0 0
144m:175m 2 0 2
144m:181m 0 0 0
144m:187m 0 0 0
144m:4212m 2 0 2
144m:4370m 1 0 1
144m:4373m 0 0 0
144m:49m 0 0 0
144m:52m 0 0 0
144m:97m 0 0 0
144m:a13m 1 0 1
144m:a1m 1 0 1
144m:a21m 0 0 0
144m:a22m 0 0 0
144m:a27m 2 0 2
144m:a28m 0 0 0
144m:a29m 0 0 0
144m:a30m 0 0 0
144m:a7m 0 0 0
144m:a8m 2 0 2
144m:a9m 0 0 0
144m:ADr1um 0 0 0
144m:bm1m 0 0 0
144m:bm2m 0 0 0
144m:bm4m 0 0 0
144m:bm5m 0 0 0
144m:bm6m 0 0 0
144m:bm7m 0 0 0
144m:bm8m 0 0 0
144m:ch1m 0 0 0
144m:ch4m 0 0 0
144m:ch5m 0 0 0
144m:ch6m 0 0 0
144m:l1m 8 0 8
144m:l2m 7 0 7
144m:l3m 8 0 8
144m:l4m 9 0 9
144m:l5m 6 0 6
144m:r10m 0 0 0
144m:r4m 0 0 0
144m:r5m 7 0 7
144m:r8m 0 0 0
144m:r9m 0 0 0
145f:153f 0 0 0
145f:154f 0 0 0
145f:159f 0 0 0
145f:165f 2 0 2
145f:171f 0 0 0
145f:177f 1 0 1
145f:183f 0 0 0
145f:189f 0 0 0
145f:4213f 0 0 0
145f:4371f 0 0 0
145f:4374f 0 0 0
145f:48f 0 0 0
145f:51f 0 0 0
145f:96f 2 0 2
145f:99f 1 0 1
145f:a13f 0 0 0
145f:a1f 0 0 0
145f:a21f 0 0 0
145f:a22f 0 0 0
145f:a27f 4 0 4
145f:a28f 0 0 0
145f:a29f 1 0 1
145f:a30f 3 0 3
145f:a7f 0 0 0
145f:a8f 1 0 1
145f:a9f 1 0 1
145f:ADr1uf 0 0 0
145f:bm1f 0 0 0
145f:bm2f 0 0 0
145f:bm4f 0 0 0
145f:bm5f 0 0 0
145f:bm6f 0 0 0
145f:bm7f 0 0 0
145f:bm8f 0 0 0
145f:ch1f 0 0 0
145f:ch4f 0 0 0
145f:ch5f 0 0 0
145f:ch6f 0 0 0
145f:l1f 6 0 6
145f:l2f 6 0 6
145f:l3f 8 0 8
145f:l4f 9 0 9
127f:a8f 12 0 12
144m:bm6m 0 0 0
144m:bm7m 0 0 0
